 frequency       vdb(16)         vp(16)         
 1.00000000e+04 -1.59562894e+00 -3.55601865e-02 
 1.04712855e+04 -1.59519902e+00 -4.00951174e-02 
 1.09647820e+04 -1.59479549e+00 -4.47155286e-02 
 1.14815362e+04 -1.59441494e+00 -4.94312437e-02 
 1.20226443e+04 -1.59405417e+00 -5.42522976e-02 
 1.25892541e+04 -1.59371015e+00 -5.91889577e-02 
 1.31825674e+04 -1.59338000e+00 -6.42517468e-02 
 1.38038426e+04 -1.59306096e+00 -6.94514663e-02 
 1.44543977e+04 -1.59275037e+00 -7.47992203e-02 
 1.51356125e+04 -1.59244564e+00 -8.03064407e-02 
 1.58489319e+04 -1.59214427e+00 -8.59849130e-02 
 1.65958691e+04 -1.59184377e+00 -9.18468032e-02 
 1.73780083e+04 -1.59154170e+00 -9.79046862e-02 
 1.81970086e+04 -1.59123560e+00 -1.04171575e-01 
 1.90546072e+04 -1.59092302e+00 -1.10660951e-01 
 1.99526231e+04 -1.59060148e+00 -1.17386797e-01 
 2.08929613e+04 -1.59026845e+00 -1.24363630e-01 
 2.18776162e+04 -1.58992135e+00 -1.31606537e-01 
 2.29086765e+04 -1.58955752e+00 -1.39131215e-01 
 2.39883292e+04 -1.58917423e+00 -1.46954006e-01 
 2.51188643e+04 -1.58876865e+00 -1.55091942e-01 
 2.63026799e+04 -1.58833784e+00 -1.63562788e-01 
 2.75422870e+04 -1.58787877e+00 -1.72385090e-01 
 2.88403150e+04 -1.58738828e+00 -1.81578226e-01 
 3.01995172e+04 -1.58686308e+00 -1.91162457e-01 
 3.16227766e+04 -1.58629979e+00 -2.01158987e-01 
 3.31131121e+04 -1.58569490e+00 -2.11590023e-01 
 3.46736850e+04 -1.58504483e+00 -2.22478840e-01 
 3.63078055e+04 -1.58434591e+00 -2.33849852e-01 
 3.80189396e+04 -1.58359444e+00 -2.45728693e-01 
 3.98107171e+04 -1.58278672e+00 -2.58142290e-01 
 4.16869383e+04 -1.58191912e+00 -2.71118960e-01 
 4.36515832e+04 -1.58098815e+00 -2.84688505e-01 
 4.57088190e+04 -1.57999058e+00 -2.98882313e-01 
 4.78630092e+04 -1.57892356e+00 -3.13733477e-01 
 5.01187234e+04 -1.57778478e+00 -3.29276914e-01 
 5.24807460e+04 -1.57657268e+00 -3.45549508e-01 
 5.49540874e+04 -1.57528676e+00 -3.62590248e-01 
 5.75439937e+04 -1.57392784e+00 -3.80440400e-01 
 6.02559586e+04 -1.57249852e+00 -3.99143679e-01 
 6.30957344e+04 -1.57100367e+00 -4.18746442e-01 
 6.60693448e+04 -1.56945105e+00 -4.39297906e-01 
 6.91830971e+04 -1.56785209e+00 -4.60850382e-01 
 7.24435960e+04 -1.56622282e+00 -4.83459526e-01 
 7.58577575e+04 -1.56458501e+00 -5.07184627e-01 
 7.94328235e+04 -1.56296759e+00 -5.32088912e-01 
 8.31763771e+04 -1.56140836e+00 -5.58239886e-01 
 8.70963590e+04 -1.55995606e+00 -5.85709696e-01 
 9.12010839e+04 -1.55867291e+00 -6.14575540e-01 
 9.54992586e+04 -1.55763764e+00 -6.44920092e-01 
 1.00000000e+05 -1.55694926e+00 -6.76831981e-01 
 1.04712855e+05 -1.55673147e+00 -7.10406286e-01 
 1.09647820e+05 -1.55713814e+00 -7.45745073e-01 
 1.14815362e+05 -1.55835973e+00 -7.82957953e-01 
 1.20226443e+05 -1.56063120e+00 -8.22162664e-01 
 1.25892541e+05 -1.56424126e+00 -8.63485649e-01 
 1.31825674e+05 -1.56954365e+00 -9.07062630e-01 
 1.38038426e+05 -1.57697035e+00 -9.53039142e-01 
 1.44543977e+05 -1.58704734e+00 -1.00157098e+00 
 1.51356125e+05 -1.60041317e+00 -1.05282455e+00 
 1.58489319e+05 -1.61784058e+00 -1.10697698e+00 
 1.65958691e+05 -1.64026177e+00 -1.16421600e+00 
 1.73780083e+05 -1.66879724e+00 -1.22473939e+00 
 1.81970086e+05 -1.70478862e+00 -1.28875394e+00 
 1.90546072e+05 -1.74983523e+00 -1.35647360e+00 
 1.99526231e+05 -1.80583401e+00 -1.42811685e+00 
 2.08929613e+05 -1.87502176e+00 -1.50390278e+00 
 2.18776162e+05 -1.96001806e+00 -1.58404573e+00 
 2.29086765e+05 -2.06386626e+00 -1.66874833e+00 
 2.39883292e+05 -2.19006852e+00 -1.75819243e+00 
 2.51188643e+05 -2.34260983e+00 -1.85252797e+00 
 2.63026799e+05 -2.52596413e+00 -1.95185969e+00 
 2.75422870e+05 -2.74507461e+00 -2.05623190e+00 
 2.88403150e+05 -3.00529944e+00 -2.16561192e+00 
 3.01995172e+05 -3.31231473e+00 -2.27987322e+00 
 3.16227766e+05 -3.67196855e+00 -2.39877979e+00 
 3.31131121e+05 -4.09008449e+00 -2.52197378e+00 
 3.46736850e+05 -4.57221972e+00 -2.64896862e+00 
 3.63078055e+05 -5.12339146e+00 -2.77914991e+00 
 3.80189396e+05 -5.74779418e+00 -2.91178579e+00 
 3.98107171e+05 -6.44853740e+00 -3.04604736e+00 
 4.16869383e+05 -7.22743613e+00  3.10214691e+00 
 4.36515832e+05 -8.08488259e+00  2.96735320e+00 
 4.57088190e+05 -9.01981795e+00  2.83367431e+00 
 4.78630092e+05 -1.00298083e+01  2.70197942e+00 
 5.01187234e+05 -1.11112135e+01  2.57305556e+00 
 5.24807460e+05 -1.22594250e+01  2.44758196e+00 
 5.49540874e+05 -1.34691419e+01  2.32611427e+00 
 5.75439937e+05 -1.47346521e+01  2.20907875e+00 
 6.02559586e+05 -1.60500940e+01  2.09677519e+00 
 6.30957344e+05 -1.74096788e+01  1.98938663e+00 
 6.60693448e+05 -1.88078631e+01  1.88699352e+00 
 6.91830971e+05 -2.02394723e+01  1.78959011e+00 
 7.24435960e+05 -2.16997769e+01  1.69710134e+00 
 7.58577575e+05 -2.31845293e+01  1.60939889e+00 
 7.94328235e+05 -2.46899712e+01  1.52631556e+00 
 8.31763771e+05 -2.62128176e+01  1.44765757e+00 
 8.70963590e+05 -2.77502275e+01  1.37321471e+00 
 9.12010839e+05 -2.92997650e+01  1.30276841e+00 
 9.54992586e+05 -3.08593577e+01  1.23609796e+00 
 1.00000000e+06 -3.24272534e+01  1.17298510e+00 
 1.04712855e+06 -3.40019787e+01  1.11321736e+00 
 1.09647820e+06 -3.55823010e+01  1.05659030e+00 
 1.14815362e+06 -3.71671931e+01  1.00290892e+00 
 1.20226443e+06 -3.87558029e+01  9.51988482e-01 
 1.25892541e+06 -4.03474257e+01  9.03654832e-01 
 1.31825674e+06 -4.19414807e+01  8.57744402e-01 
 1.38038426e+06 -4.35374913e+01  8.14103968e-01 
 1.44543977e+06 -4.51350676e+01  7.72590249e-01 
 1.51356125e+06 -4.67338918e+01  7.33069407e-01 
 1.58489319e+06 -4.83337063e+01  6.95416489e-01 
 1.65958691e+06 -4.99343030e+01  6.59514841e-01 
 1.73780083e+06 -5.15355151e+01  6.25255524e-01 
 1.81970086e+06 -5.31372099e+01  5.92536733e-01 
 1.90546072e+06 -5.47392825e+01  5.61263250e-01 
 1.99526231e+06 -5.63416517e+01  5.31345912e-01 
 2.08929613e+06 -5.79442551e+01  5.02701126e-01 
 2.18776162e+06 -5.95470462e+01  4.75250404e-01 
 2.29086765e+06 -6.11499918e+01  4.48919942e-01 
 2.39883292e+06 -6.27530692e+01  4.23640227e-01 
 2.51188643e+06 -6.43562653e+01  3.99345680e-01 
 2.63026799e+06 -6.59595741e+01  3.75974323e-01 
 2.75422870e+06 -6.75629963e+01  3.53467482e-01 
 2.88403150e+06 -6.91665381e+01  3.31769509e-01 
 3.01995172e+06 -7.07702104e+01  3.10827532e-01 
 3.16227766e+06 -7.23740283e+01  2.90591228e-01 
 3.31131121e+06 -7.39780106e+01  2.71012610e-01 
 3.46736850e+06 -7.55821798e+01  2.52045844e-01 
 3.63078055e+06 -7.71865615e+01  2.33647069e-01 
 3.80189396e+06 -7.87911844e+01  2.15774243e-01 
 3.98107171e+06 -8.03960805e+01  1.98387000e-01 
 4.16869383e+06 -8.20012849e+01  1.81446519e-01 
 4.36515832e+06 -8.36068358e+01  1.64915407e-01 
 4.57088190e+06 -8.52127748e+01  1.48757588e-01 
 4.78630092e+06 -8.68191472e+01  1.32938215e-01 
 5.01187234e+06 -8.84260017e+01  1.17423575e-01 
 5.24807460e+06 -9.00333913e+01  1.02181020e-01 
 5.49540874e+06 -9.16413730e+01  8.71788940e-02 
 5.75439937e+06 -9.32500084e+01  7.23864781e-02 
 6.02559586e+06 -9.48593641e+01  5.77739397e-02 
 6.30957344e+06 -9.64695118e+01  4.33122921e-02 
 6.60693448e+06 -9.80805289e+01  2.89733624e-02 
 6.91830971e+06 -9.96924989e+01  1.47297690e-02 
 7.24435960e+06 -1.01305511e+02  5.54907707e-04 
 7.58577575e+06 -1.02919663e+02 -1.35770524e-02 
 7.94328235e+06 -1.04535058e+02 -2.76911635e-02 
 8.31763771e+06 -1.06151808e+02 -4.18116832e-02 
 8.70963590e+06 -1.07770032e+02 -5.59620486e-02 
 9.12010839e+06 -1.09389859e+02 -7.01648390e-02 
 9.54992586e+06 -1.11011425e+02 -8.44417277e-02 
 1.00000000e+07 -1.12634878e+02 -9.88134216e-02 
