 time            v(16)           v(1)           
 0.00000000e+00  0.00000000e+00  0.00000000e+00 
 1.00000000e-10  1.63723169e-14  1.57079632e-04 
 2.00000000e-10  4.95055254e-14  3.14159260e-04 
 4.00000000e-10  8.71698142e-14  6.28318489e-04 
 8.00000000e-10  6.98337923e-14  1.25663673e-03 
 1.60000000e-09  8.36033393e-15  2.51327148e-03 
 3.20000000e-09  8.51841481e-14  5.02652708e-03 
 6.40000000e-09  3.60041687e-12  1.00529272e-02 
 1.28000000e-08  1.55119211e-10  2.01048383e-02 
 2.28000000e-08  2.95820065e-09  3.58065005e-02 
 3.28000000e-08  1.65588939e-08  5.14993281e-02 
 4.28000000e-08  5.96381359e-08  6.71794489e-02 
 5.28000000e-08  1.66215495e-07  8.28429942e-02 
 6.28000000e-08  3.90191414e-07  9.84860992e-02 
 7.28000000e-08  8.09524441e-07  1.14104904e-01 
 8.28000000e-08  1.53005182e-06  1.29695556e-01 
 9.28000000e-08  2.68896607e-06  1.45254207e-01 
 1.02800000e-07  4.45795901e-06  1.60777018e-01 
 1.12800000e-07  7.04604573e-06  1.76260160e-01 
 1.22800000e-07  1.07020796e-05  1.91699813e-01 
 1.32800000e-07  1.57169706e-05  2.07092167e-01 
 1.42800000e-07  2.24256173e-05  2.22433424e-01 
 1.52800000e-07  3.12085652e-05  2.37719798e-01 
 1.62800000e-07  4.24934008e-05  2.52947519e-01 
 1.72800000e-07  5.67558941e-05  2.68112829e-01 
 1.82800000e-07  7.45208982e-05  2.83211986e-01 
 1.92800000e-07  9.63630180e-05  2.98241265e-01 
 2.02800000e-07  1.22907058e-04  3.13196957e-01 
 2.12800000e-07  1.54828259e-04  3.28075373e-01 
 2.22800000e-07  1.92852334e-04  3.42872840e-01 
 2.32800000e-07  2.37755312e-04  3.57585709e-01 
 2.42800000e-07  2.90363199e-04  3.72210349e-01 
 2.52800000e-07  3.51551470e-04  3.86743152e-01 
 2.62800000e-07  4.22244398e-04  4.01180532e-01 
 2.72800000e-07  5.03414220e-04  4.15518926e-01 
 2.82800000e-07  5.96080168e-04  4.29754798e-01 
 2.92800000e-07  7.01307358e-04  4.43884634e-01 
 3.02800000e-07  8.20205549e-04  4.57904947e-01 
 3.12800000e-07  9.53927783e-04  4.71812280e-01 
 3.22800000e-07  1.10366891e-03  4.85603200e-01 
 3.32800000e-07  1.27066402e-03  4.99274305e-01 
 3.42800000e-07  1.45618676e-03  5.12822221e-01 
 3.52800000e-07  1.66154754e-03  5.26243606e-01 
 3.62800000e-07  1.88809176e-03  5.39535149e-01 
 3.72800000e-07  2.13719778e-03  5.52693569e-01 
 3.82800000e-07  2.41027502e-03  5.65715620e-01 
 3.92800000e-07  2.70876184e-03  5.78598089e-01 
 4.02800000e-07  3.03412346e-03  5.91337798e-01 
 4.12800000e-07  3.38784977e-03  6.03931603e-01 
 4.22800000e-07  3.77145314e-03  6.16376398e-01 
 4.32800000e-07  4.18646614e-03  6.28669110e-01 
 4.42800000e-07  4.63443929e-03  6.40806708e-01 
 4.52800000e-07  5.11693874e-03  6.52786196e-01 
 4.62800000e-07  5.63554393e-03  6.64604619e-01 
 4.72800000e-07  6.19184524e-03  6.76259061e-01 
 4.82800000e-07  6.78744161e-03  6.87746646e-01 
 4.92800000e-07  7.42393819e-03  6.99064540e-01 
 5.02800000e-07  8.10294398e-03  7.10209950e-01 
 5.12800000e-07  8.82606938e-03  7.21180126e-01 
 5.22800000e-07  9.59492390e-03  7.31972362e-01 
 5.32800000e-07  1.04111137e-02  7.42583995e-01 
 5.42800000e-07  1.12762395e-02  7.53012407e-01 
 5.52800000e-07  1.21918937e-02  7.63255023e-01 
 5.62800000e-07  1.31596586e-02  7.73309318e-01 
 5.72800000e-07  1.41811040e-02  7.83172811e-01 
 5.82800000e-07  1.52577847e-02  7.92843067e-01 
 5.92800000e-07  1.63912384e-02  8.02317701e-01 
 6.02800000e-07  1.75829835e-02  8.11594376e-01 
 6.12800000e-07  1.88345169e-02  8.20670801e-01 
 6.22800000e-07  2.01473120e-02  8.29544738e-01 
 6.32800000e-07  2.15228163e-02  8.38213998e-01 
 6.42800000e-07  2.29624496e-02  8.46676441e-01 
 6.52800000e-07  2.44676018e-02  8.54929979e-01 
 6.62800000e-07  2.60396313e-02  8.62972576e-01 
 6.72800000e-07  2.76798625e-02  8.70802247e-01 
 6.82800000e-07  2.93895844e-02  8.78417061e-01 
 6.92800000e-07  3.11700485e-02  8.85815138e-01 
 7.02800000e-07  3.30224674e-02  8.92994654e-01 
 7.12800000e-07  3.49480125e-02  8.99953837e-01 
 7.22800000e-07  3.69478128e-02  9.06690970e-01 
 7.32800000e-07  3.90229532e-02  9.13204390e-01 
 7.42800000e-07  4.11744729e-02  9.19492491e-01 
 7.52800000e-07  4.34033640e-02  9.25553721e-01 
 7.62800000e-07  4.57105698e-02  9.31386584e-01 
 7.72800000e-07  4.80969837e-02  9.36989642e-01 
 7.82800000e-07  5.05634479e-02  9.42361511e-01 
 7.92800000e-07  5.31107520e-02  9.47500867e-01 
 8.02800000e-07  5.57396318e-02  9.52406441e-01 
 8.12800000e-07  5.84507684e-02  9.57077023e-01 
 8.22800000e-07  6.12447869e-02  9.61511461e-01 
 8.32800000e-07  6.41222553e-02  9.65708660e-01 
 8.42800000e-07  6.70836841e-02  9.69667585e-01 
 8.52800000e-07  7.01295248e-02  9.73387258e-01 
 8.62800000e-07  7.32601695e-02  9.76866764e-01 
 8.72800000e-07  7.64759497e-02  9.80105242e-01 
 8.82800000e-07  7.97771364e-02  9.83101893e-01 
 8.92800000e-07  8.31639385e-02  9.85855979e-01 
 9.02800000e-07  8.66365031e-02  9.88366820e-01 
 9.12800000e-07  9.01949142e-02  9.90633796e-01 
 9.22800000e-07  9.38391930e-02  9.92656348e-01 
 9.32800000e-07  9.75692971e-02  9.94433977e-01 
 9.42800000e-07  1.01385120e-01  9.95966244e-01 
 9.52800000e-07  1.05286492e-01  9.97252771e-01 
 9.62800000e-07  1.09273178e-01  9.98293242e-01 
 9.72800000e-07  1.13344878e-01  9.99087398e-01 
 9.82800000e-07  1.17501230e-01  9.99635044e-01 
 9.92800000e-07  1.21741805e-01  9.99936046e-01 
 1.00280000e-06  1.26066110e-01  9.99990328e-01 
 1.01280000e-06  1.30473588e-01  9.99797877e-01 
 1.02280000e-06  1.34963617e-01  9.99358742e-01 
 1.03280000e-06  1.39535512e-01  9.98673029e-01 
 1.04280000e-06  1.44188524e-01  9.97740909e-01 
 1.05280000e-06  1.48921838e-01  9.96562611e-01 
 1.06280000e-06  1.53734579e-01  9.95138427e-01 
 1.07280000e-06  1.58625807e-01  9.93468707e-01 
 1.08280000e-06  1.63594520e-01  9.91553863e-01 
 1.09280000e-06  1.68639656e-01  9.89394368e-01 
 1.10280000e-06  1.73760088e-01  9.86990755e-01 
 1.11280000e-06  1.78954632e-01  9.84343617e-01 
 1.12280000e-06  1.84222040e-01  9.81453606e-01 
 1.13280000e-06  1.89561008e-01  9.78321437e-01 
 1.14280000e-06  1.94970171e-01  9.74947882e-01 
 1.15280000e-06  2.00448108e-01  9.71333772e-01 
 1.16280000e-06  2.05993337e-01  9.67480001e-01 
 1.17280000e-06  2.11604324e-01  9.63387519e-01 
 1.18280000e-06  2.17279477e-01  9.59057335e-01 
 1.19280000e-06  2.23017149e-01  9.54490517e-01 
 1.20280000e-06  2.28815642e-01  9.49688194e-01 
 1.21280000e-06  2.34673202e-01  9.44651549e-01 
 1.22280000e-06  2.40588025e-01  9.39381826e-01 
 1.23280000e-06  2.46558256e-01  9.33880324e-01 
 1.24280000e-06  2.52581991e-01  9.28148402e-01 
 1.25280000e-06  2.58657276e-01  9.22187472e-01 
 1.26280000e-06  2.64782112e-01  9.15999007e-01 
 1.27280000e-06  2.70954453e-01  9.09584533e-01 
 1.28280000e-06  2.77172205e-01  9.02945632e-01 
 1.29280000e-06  2.83433235e-01  8.96083943e-01 
 1.30280000e-06  2.89735364e-01  8.89001158e-01 
 1.31280000e-06  2.96076373e-01  8.81699026e-01 
 1.32280000e-06  3.02454003e-01  8.74179348e-01 
 1.33280000e-06  3.08865955e-01  8.66443979e-01 
 1.34280000e-06  3.15309895e-01  8.58494828e-01 
 1.35280000e-06  3.21783450e-01  8.50333856e-01 
 1.36280000e-06  3.28284215e-01  8.41963077e-01 
 1.37280000e-06  3.34809749e-01  8.33384557e-01 
 1.38280000e-06  3.41357581e-01  8.24600411e-01 
 1.39280000e-06  3.47925208e-01  8.15612807e-01 
 1.40280000e-06  3.54510098e-01  8.06423963e-01 
 1.41280000e-06  3.61109692e-01  7.97036146e-01 
 1.42280000e-06  3.67721404e-01  7.87451673e-01 
 1.43280000e-06  3.74342623e-01  7.77672907e-01 
 1.44280000e-06  3.80970714e-01  7.67702262e-01 
 1.45280000e-06  3.87603021e-01  7.57542198e-01 
 1.46280000e-06  3.94236867e-01  7.47195222e-01 
 1.47280000e-06  4.00869554e-01  7.36663887e-01 
 1.48280000e-06  4.07498369e-01  7.25950791e-01 
 1.49280000e-06  4.14120582e-01  7.15058577e-01 
 1.50280000e-06  4.20733446e-01  7.03989934e-01 
 1.51280000e-06  4.27334203e-01  6.92747591e-01 
 1.52280000e-06  4.33920082e-01  6.81334324e-01 
 1.53280000e-06  4.40488303e-01  6.69752947e-01 
 1.54280000e-06  4.47036075e-01  6.58006319e-01 
 1.55280000e-06  4.53560601e-01  6.46097337e-01 
 1.56280000e-06  4.60059077e-01  6.34028941e-01 
 1.57280000e-06  4.66528694e-01  6.21804108e-01 
 1.58280000e-06  4.72966641e-01  6.09425853e-01 
 1.59280000e-06  4.79370106e-01  5.96897232e-01 
 1.60280000e-06  4.85736274e-01  5.84221336e-01 
 1.61280000e-06  4.92062332e-01  5.71401292e-01 
 1.62280000e-06  4.98345472e-01  5.58440263e-01 
 1.63280000e-06  5.04582887e-01  5.45341447e-01 
 1.64280000e-06  5.10771776e-01  5.32108076e-01 
 1.65280000e-06  5.16909346e-01  5.18743416e-01 
 1.66280000e-06  5.22992810e-01  5.05250763e-01 
 1.67280000e-06  5.29019393e-01  4.91633448e-01 
 1.68280000e-06  5.34986327e-01  4.77894829e-01 
 1.69280000e-06  5.40890861e-01  4.64038297e-01 
 1.70280000e-06  5.46730254e-01  4.50067270e-01 
 1.71280000e-06  5.52501781e-01  4.35985196e-01 
 1.72280000e-06  5.58202732e-01  4.21795549e-01 
 1.73280000e-06  5.63830415e-01  4.07501830e-01 
 1.74280000e-06  5.69382158e-01  3.93107567e-01 
 1.75280000e-06  5.74855307e-01  3.78616310e-01 
 1.76280000e-06  5.80247230e-01  3.64031635e-01 
 1.77280000e-06  5.85555316e-01  3.49357140e-01 
 1.78280000e-06  5.90776979e-01  3.34596447e-01 
 1.79280000e-06  5.95909658e-01  3.19753198e-01 
 1.80280000e-06  6.00950816e-01  3.04831054e-01 
 1.81280000e-06  6.05897944e-01  2.89833698e-01 
 1.82280000e-06  6.10748562e-01  2.74764829e-01 
 1.83280000e-06  6.15500217e-01  2.59628166e-01 
 1.84280000e-06  6.20150488e-01  2.44427444e-01 
 1.85280000e-06  6.24696986e-01  2.29166413e-01 
 1.86280000e-06  6.29137352e-01  2.13848839e-01 
 1.87280000e-06  6.33469262e-01  1.98478501e-01 
 1.88280000e-06  6.37690427e-01  1.83059191e-01 
 1.89280000e-06  6.41798592e-01  1.67594714e-01 
 1.90280000e-06  6.45791538e-01  1.52088886e-01 
 1.91280000e-06  6.49667086e-01  1.36545532e-01 
 1.92280000e-06  6.53423093e-01  1.20968487e-01 
 1.93280000e-06  6.57057454e-01  1.05361595e-01 
 1.94280000e-06  6.60568107e-01  8.97287070e-02 
 1.95280000e-06  6.63953029e-01  7.40736796e-02 
 1.96280000e-06  6.67210239e-01  5.84003755e-02 
 1.97280000e-06  6.70337799e-01  4.27126621e-02 
 1.98280000e-06  6.73333812e-01  2.70144100e-02 
 1.99280000e-06  6.76196429e-01  1.13094924e-02 
 2.00280000e-06  6.78923841e-01 -4.39821553e-03 
 2.01280000e-06  6.81514288e-01 -2.01048383e-02 
 2.02280000e-06  6.83966055e-01 -3.58065005e-02 
 2.03280000e-06  6.86277473e-01 -5.14993281e-02 
 2.04280000e-06  6.88446922e-01 -6.71794489e-02 
 2.05280000e-06  6.90472829e-01 -8.28429942e-02 
 2.06280000e-06  6.92353669e-01 -9.84860992e-02 
 2.07280000e-06  6.94087967e-01 -1.14104904e-01 
 2.08280000e-06  6.95674299e-01 -1.29695556e-01 
 2.09280000e-06  6.97111289e-01 -1.45254207e-01 
 2.10280000e-06  6.98397612e-01 -1.60777018e-01 
 2.11280000e-06  6.99531997e-01 -1.76260160e-01 
 2.12280000e-06  7.00513222e-01 -1.91699813e-01 
 2.13280000e-06  7.01340117e-01 -2.07092167e-01 
 2.14280000e-06  7.02011565e-01 -2.22433424e-01 
 2.15280000e-06  7.02526504e-01 -2.37719798e-01 
 2.16280000e-06  7.02883923e-01 -2.52947519e-01 
 2.17280000e-06  7.03082864e-01 -2.68112829e-01 
 2.18280000e-06  7.03122426e-01 -2.83211986e-01 
 2.19280000e-06  7.03001758e-01 -2.98241265e-01 
 2.20280000e-06  7.02720068e-01 -3.13196957e-01 
 2.21280000e-06  7.02276616e-01 -3.28075373e-01 
 2.22280000e-06  7.01670716e-01 -3.42872840e-01 
 2.23280000e-06  7.00901741e-01 -3.57585709e-01 
 2.24280000e-06  6.99969115e-01 -3.72210349e-01 
 2.25280000e-06  6.98872320e-01 -3.86743152e-01 
 2.26280000e-06  6.97610894e-01 -4.01180532e-01 
 2.27280000e-06  6.96184429e-01 -4.15518926e-01 
 2.28280000e-06  6.94592574e-01 -4.29754798e-01 
 2.29280000e-06  6.92835032e-01 -4.43884634e-01 
 2.30280000e-06  6.90911566e-01 -4.57904947e-01 
 2.31280000e-06  6.88821991e-01 -4.71812280e-01 
 2.32280000e-06  6.86566179e-01 -4.85603200e-01 
 2.33280000e-06  6.84144060e-01 -4.99274305e-01 
 2.34280000e-06  6.81555617e-01 -5.12822221e-01 
 2.35280000e-06  6.78800890e-01 -5.26243606e-01 
 2.36280000e-06  6.75879976e-01 -5.39535149e-01 
 2.37280000e-06  6.72793026e-01 -5.52693569e-01 
 2.38280000e-06  6.69540248e-01 -5.65715620e-01 
 2.39280000e-06  6.66121903e-01 -5.78598089e-01 
 2.40280000e-06  6.62538310e-01 -5.91337798e-01 
 2.41280000e-06  6.58789842e-01 -6.03931603e-01 
 2.42280000e-06  6.54876928e-01 -6.16376398e-01 
 2.43280000e-06  6.50800049e-01 -6.28669110e-01 
 2.44280000e-06  6.46559743e-01 -6.40806708e-01 
 2.45280000e-06  6.42156601e-01 -6.52786196e-01 
 2.46280000e-06  6.37591269e-01 -6.64604619e-01 
 2.47280000e-06  6.32864446e-01 -6.76259061e-01 
 2.48280000e-06  6.27976884e-01 -6.87746646e-01 
 2.49280000e-06  6.22929388e-01 -6.99064540e-01 
 2.50280000e-06  6.17722818e-01 -7.10209950e-01 
 2.51280000e-06  6.12358082e-01 -7.21180126e-01 
 2.52280000e-06  6.06836145e-01 -7.31972362e-01 
 2.53280000e-06  6.01158020e-01 -7.42583995e-01 
 2.54280000e-06  5.95324773e-01 -7.53012407e-01 
 2.55280000e-06  5.89337520e-01 -7.63255023e-01 
 2.56280000e-06  5.83197427e-01 -7.73309318e-01 
 2.57280000e-06  5.76905711e-01 -7.83172811e-01 
 2.58280000e-06  5.70463639e-01 -7.92843067e-01 
 2.59280000e-06  5.63872524e-01 -8.02317701e-01 
 2.60280000e-06  5.57133731e-01 -8.11594376e-01 
 2.61280000e-06  5.50248671e-01 -8.20670801e-01 
 2.62280000e-06  5.43218803e-01 -8.29544738e-01 
 2.63280000e-06  5.36045632e-01 -8.38213998e-01 
 2.64280000e-06  5.28730712e-01 -8.46676441e-01 
 2.65280000e-06  5.21275640e-01 -8.54929979e-01 
 2.66280000e-06  5.13682059e-01 -8.62972576e-01 
 2.67280000e-06  5.05951658e-01 -8.70802247e-01 
 2.68280000e-06  4.98086169e-01 -8.78417061e-01 
 2.69280000e-06  4.90087367e-01 -8.85815138e-01 
 2.70280000e-06  4.81957071e-01 -8.92994654e-01 
 2.71280000e-06  4.73697142e-01 -8.99953837e-01 
 2.72280000e-06  4.65309481e-01 -9.06690970e-01 
 2.73280000e-06  4.56796033e-01 -9.13204390e-01 
 2.74280000e-06  4.48158781e-01 -9.19492491e-01 
 2.75280000e-06  4.39399747e-01 -9.25553721e-01 
 2.76280000e-06  4.30520994e-01 -9.31386584e-01 
 2.77280000e-06  4.21524622e-01 -9.36989642e-01 
 2.78280000e-06  4.12412769e-01 -9.42361511e-01 
 2.79280000e-06  4.03187609e-01 -9.47500867e-01 
 2.80280000e-06  3.93851354e-01 -9.52406441e-01 
 2.81280000e-06  3.84406248e-01 -9.57077023e-01 
 2.82280000e-06  3.74854574e-01 -9.61511461e-01 
 2.83280000e-06  3.65198645e-01 -9.65708660e-01 
 2.84280000e-06  3.55440809e-01 -9.69667585e-01 
 2.85280000e-06  3.45583446e-01 -9.73387258e-01 
 2.86280000e-06  3.35628968e-01 -9.76866764e-01 
 2.87280000e-06  3.25579816e-01 -9.80105242e-01 
 2.88280000e-06  3.15438465e-01 -9.83101893e-01 
 2.89280000e-06  3.05207415e-01 -9.85855979e-01 
 2.90280000e-06  2.94889197e-01 -9.88366820e-01 
 2.91280000e-06  2.84486368e-01 -9.90633796e-01 
 2.92280000e-06  2.74001513e-01 -9.92656348e-01 
 2.93280000e-06  2.63437243e-01 -9.94433977e-01 
 2.94280000e-06  2.52796195e-01 -9.95966244e-01 
 2.95280000e-06  2.42081028e-01 -9.97252771e-01 
 2.96280000e-06  2.31294426e-01 -9.98293242e-01 
 2.97280000e-06  2.20439096e-01 -9.99087398e-01 
 2.98280000e-06  2.09517767e-01 -9.99635044e-01 
 2.99280000e-06  1.98533189e-01 -9.99936046e-01 
 3.00280000e-06  1.87488131e-01 -9.99990328e-01 
 3.01280000e-06  1.76385383e-01 -9.99797877e-01 
 3.02280000e-06  1.65227753e-01 -9.99358742e-01 
 3.03280000e-06  1.54018066e-01 -9.98673029e-01 
 3.04280000e-06  1.42759165e-01 -9.97740909e-01 
 3.05280000e-06  1.31453909e-01 -9.96562611e-01 
 3.06280000e-06  1.20105170e-01 -9.95138427e-01 
 3.07280000e-06  1.08715837e-01 -9.93468707e-01 
 3.08280000e-06  9.72888118e-02 -9.91553863e-01 
 3.09280000e-06  8.58270070e-02 -9.89394368e-01 
 3.10280000e-06  7.43333487e-02 -9.86990755e-01 
 3.11280000e-06  6.28107731e-02 -9.84343617e-01 
 3.12280000e-06  5.12622267e-02 -9.81453606e-01 
 3.13280000e-06  3.96906648e-02 -9.78321437e-01 
 3.14280000e-06  2.80990511e-02 -9.74947882e-01 
 3.15280000e-06  1.64903566e-02 -9.71333772e-01 
 3.16280000e-06  4.86755882e-03 -9.67480001e-01 
 3.17280000e-06 -6.76635906e-03 -9.63387519e-01 
 3.18280000e-06 -1.84084091e-02 -9.59057335e-01 
 3.19280000e-06 -3.00555993e-02 -9.54490517e-01 
 3.20280000e-06 -4.17049349e-02 -9.49688194e-01 
 3.21280000e-06 -5.33534186e-02 -9.44651549e-01 
 3.22280000e-06 -6.49980519e-02 -9.39381826e-01 
 3.23280000e-06 -7.66358360e-02 -9.33880324e-01 
 3.24280000e-06 -8.82637720e-02 -9.28148402e-01 
 3.25280000e-06 -9.98788627e-02 -9.22187472e-01 
 3.26280000e-06 -1.11478113e-01 -9.15999007e-01 
 3.27280000e-06 -1.23058529e-01 -9.09584533e-01 
 3.28280000e-06 -1.34617124e-01 -9.02945632e-01 
 3.29280000e-06 -1.46150913e-01 -8.96083943e-01 
 3.30280000e-06 -1.57656917e-01 -8.89001158e-01 
 3.31280000e-06 -1.69132163e-01 -8.81699026e-01 
 3.32280000e-06 -1.80573687e-01 -8.74179348e-01 
 3.33280000e-06 -1.91978531e-01 -8.66443979e-01 
 3.34280000e-06 -2.03343745e-01 -8.58494828e-01 
 3.35280000e-06 -2.14666392e-01 -8.50333856e-01 
 3.36280000e-06 -2.25943541e-01 -8.41963077e-01 
 3.37280000e-06 -2.37172275e-01 -8.33384557e-01 
 3.38280000e-06 -2.48349688e-01 -8.24600411e-01 
 3.39280000e-06 -2.59472887e-01 -8.15612807e-01 
 3.40280000e-06 -2.70538993e-01 -8.06423963e-01 
 3.41280000e-06 -2.81545140e-01 -7.97036146e-01 
 3.42280000e-06 -2.92488478e-01 -7.87451673e-01 
 3.43280000e-06 -3.03366172e-01 -7.77672907e-01 
 3.44280000e-06 -3.14175405e-01 -7.67702262e-01 
 3.45280000e-06 -3.24913377e-01 -7.57542198e-01 
 3.46280000e-06 -3.35577306e-01 -7.47195222e-01 
 3.47280000e-06 -3.46164427e-01 -7.36663887e-01 
 3.48280000e-06 -3.56671998e-01 -7.25950791e-01 
 3.49280000e-06 -3.67097296e-01 -7.15058577e-01 
 3.50280000e-06 -3.77437617e-01 -7.03989934e-01 
 3.51280000e-06 -3.87690282e-01 -6.92747591e-01 
 3.52280000e-06 -3.97852632e-01 -6.81334324e-01 
 3.53280000e-06 -4.07922034e-01 -6.69752947e-01 
 3.54280000e-06 -4.17895875e-01 -6.58006319e-01 
 3.55280000e-06 -4.27771571e-01 -6.46097337e-01 
 3.56280000e-06 -4.37546559e-01 -6.34028941e-01 
 3.57280000e-06 -4.47218306e-01 -6.21804108e-01 
 3.58280000e-06 -4.56784303e-01 -6.09425853e-01 
 3.59280000e-06 -4.66242069e-01 -5.96897232e-01 
 3.60280000e-06 -4.75589150e-01 -5.84221336e-01 
 3.61280000e-06 -4.84823122e-01 -5.71401292e-01 
 3.62280000e-06 -4.93941590e-01 -5.58440263e-01 
 3.63280000e-06 -5.02942188e-01 -5.45341447e-01 
 3.64280000e-06 -5.11822581e-01 -5.32108076e-01 
 3.65280000e-06 -5.20580465e-01 -5.18743416e-01 
 3.66280000e-06 -5.29213567e-01 -5.05250763e-01 
 3.67280000e-06 -5.37719647e-01 -4.91633448e-01 
 3.68280000e-06 -5.46096498e-01 -4.77894829e-01 
 3.69280000e-06 -5.54341944e-01 -4.64038297e-01 
 3.70280000e-06 -5.62453847e-01 -4.50067270e-01 
 3.71280000e-06 -5.70430099e-01 -4.35985196e-01 
 3.72280000e-06 -5.78268630e-01 -4.21795549e-01 
 3.73280000e-06 -5.85967405e-01 -4.07501830e-01 
 3.74280000e-06 -5.93524424e-01 -3.93107567e-01 
 3.75280000e-06 -6.00937724e-01 -3.78616310e-01 
 3.76280000e-06 -6.08205380e-01 -3.64031635e-01 
 3.77280000e-06 -6.15325502e-01 -3.49357140e-01 
 3.78280000e-06 -6.22296241e-01 -3.34596447e-01 
 3.79280000e-06 -6.29115785e-01 -3.19753198e-01 
 3.80280000e-06 -6.35782359e-01 -3.04831054e-01 
 3.81280000e-06 -6.42294232e-01 -2.89833698e-01 
 3.82280000e-06 -6.48649707e-01 -2.74764829e-01 
 3.83280000e-06 -6.54847133e-01 -2.59628166e-01 
 3.84280000e-06 -6.60884894e-01 -2.44427444e-01 
 3.85280000e-06 -6.66761420e-01 -2.29166413e-01 
 3.86280000e-06 -6.72475179e-01 -2.13848839e-01 
 3.87280000e-06 -6.78024682e-01 -1.98478501e-01 
 3.88280000e-06 -6.83408481e-01 -1.83059191e-01 
 3.89280000e-06 -6.88625173e-01 -1.67594714e-01 
 3.90280000e-06 -6.93673394e-01 -1.52088886e-01 
 3.91280000e-06 -6.98551828e-01 -1.36545532e-01 
 3.92280000e-06 -7.03259198e-01 -1.20968487e-01 
 3.93280000e-06 -7.07794273e-01 -1.05361595e-01 
 3.94280000e-06 -7.12155865e-01 -8.97287070e-02 
 3.95280000e-06 -7.16342832e-01 -7.40736796e-02 
 3.96280000e-06 -7.20354075e-01 -5.84003755e-02 
 3.97280000e-06 -7.24188540e-01 -4.27126621e-02 
 3.98280000e-06 -7.27845219e-01 -2.70144100e-02 
 3.99280000e-06 -7.31323149e-01 -1.13094924e-02 
 4.00280000e-06 -7.34621413e-01  4.39821553e-03 
 4.01280000e-06 -7.37739138e-01  2.01048383e-02 
 4.02280000e-06 -7.40675499e-01  3.58065005e-02 
 4.03280000e-06 -7.43429717e-01  5.14993281e-02 
 4.04280000e-06 -7.46001057e-01  6.71794489e-02 
 4.05280000e-06 -7.48388835e-01  8.28429942e-02 
 4.06280000e-06 -7.50592410e-01  9.84860992e-02 
 4.07280000e-06 -7.52611189e-01  1.14104904e-01 
 4.08280000e-06 -7.54444625e-01  1.29695556e-01 
 4.09280000e-06 -7.56092221e-01  1.45254207e-01 
 4.10280000e-06 -7.57553523e-01  1.60777018e-01 
 4.11280000e-06 -7.58828129e-01  1.76260160e-01 
 4.12280000e-06 -7.59915680e-01  1.91699813e-01 
 4.13280000e-06 -7.60815867e-01  2.07092167e-01 
 4.14280000e-06 -7.61528428e-01  2.22433424e-01 
 4.15280000e-06 -7.62053149e-01  2.37719798e-01 
 4.16280000e-06 -7.62389862e-01  2.52947519e-01 
 4.17280000e-06 -7.62538448e-01  2.68112829e-01 
 4.18280000e-06 -7.62498836e-01  2.83211986e-01 
 4.19280000e-06 -7.62271001e-01  2.98241265e-01 
 4.20280000e-06 -7.61854967e-01  3.13196957e-01 
 4.21280000e-06 -7.61250805e-01  3.28075373e-01 
 4.22280000e-06 -7.60458635e-01  3.42872840e-01 
 4.23280000e-06 -7.59478621e-01  3.57585709e-01 
 4.24280000e-06 -7.58310979e-01  3.72210349e-01 
 4.25280000e-06 -7.56955968e-01  3.86743152e-01 
 4.26280000e-06 -7.55413898e-01  4.01180532e-01 
 4.27280000e-06 -7.53685124e-01  4.15518926e-01 
 4.28280000e-06 -7.51770049e-01  4.29754798e-01 
 4.29280000e-06 -7.49669123e-01  4.43884634e-01 
 4.30280000e-06 -7.47382842e-01  4.57904947e-01 
 4.31280000e-06 -7.44911749e-01  4.71812280e-01 
 4.32280000e-06 -7.42256434e-01  4.85603200e-01 
 4.33280000e-06 -7.39417535e-01  4.99274305e-01 
 4.34280000e-06 -7.36395732e-01  5.12822221e-01 
 4.35280000e-06 -7.33191755e-01  5.26243606e-01 
 4.36280000e-06 -7.29806379e-01  5.39535149e-01 
 4.37280000e-06 -7.26240422e-01  5.52693569e-01 
 4.38280000e-06 -7.22494752e-01  5.65715620e-01 
 4.39280000e-06 -7.18570278e-01  5.78598089e-01 
 4.40280000e-06 -7.14467956e-01  5.91337798e-01 
 4.41280000e-06 -7.10188786e-01  6.03931603e-01 
 4.42280000e-06 -7.05733813e-01  6.16376398e-01 
 4.43280000e-06 -7.01104127e-01  6.28669110e-01 
 4.44280000e-06 -6.96300859e-01  6.40806708e-01 
 4.45280000e-06 -6.91325187e-01  6.52786196e-01 
 4.46280000e-06 -6.86178329e-01  6.64604619e-01 
 4.47280000e-06 -6.80861549e-01  6.76259061e-01 
 4.48280000e-06 -6.75376151e-01  6.87746646e-01 
 4.49280000e-06 -6.69723484e-01  6.99064540e-01 
 4.50280000e-06 -6.63904936e-01  7.10209950e-01 
 4.51280000e-06 -6.57921939e-01  7.21180126e-01 
 4.52280000e-06 -6.51775965e-01  7.31972362e-01 
 4.53280000e-06 -6.45468527e-01  7.42583995e-01 
 4.54280000e-06 -6.39001178e-01  7.53012407e-01 
 4.55280000e-06 -6.32375512e-01  7.63255023e-01 
 4.56280000e-06 -6.25593162e-01  7.73309318e-01 
 4.57280000e-06 -6.18655802e-01  7.83172811e-01 
 4.58280000e-06 -6.11565141e-01  7.92843067e-01 
 4.59280000e-06 -6.04322929e-01  8.02317701e-01 
 4.60280000e-06 -5.96930955e-01  8.11594376e-01 
 4.61280000e-06 -5.89391042e-01  8.20670801e-01 
 4.62280000e-06 -5.81705054e-01  8.29544738e-01 
 4.63280000e-06 -5.73874888e-01  8.38213998e-01 
 4.64280000e-06 -5.65902478e-01  8.46676441e-01 
 4.65280000e-06 -5.57789796e-01  8.54929979e-01 
 4.66280000e-06 -5.49538846e-01  8.62972576e-01 
 4.67280000e-06 -5.41151667e-01  8.70802247e-01 
 4.68280000e-06 -5.32630333e-01  8.78417061e-01 
 4.69280000e-06 -5.23976952e-01  8.85815138e-01 
 4.70280000e-06 -5.15193664e-01  8.92994654e-01 
 4.71280000e-06 -5.06282640e-01  8.99953837e-01 
 4.72280000e-06 -4.97246087e-01  9.06690970e-01 
 4.73280000e-06 -4.88086238e-01  9.13204390e-01 
 4.74280000e-06 -4.78805361e-01  9.19492491e-01 
 4.75280000e-06 -4.69405753e-01  9.25553721e-01 
 4.76280000e-06 -4.59889739e-01  9.31386584e-01 
 4.77280000e-06 -4.50259675e-01  9.36989642e-01 
 4.78280000e-06 -4.40517945e-01  9.42361511e-01 
 4.79280000e-06 -4.30666961e-01  9.47500867e-01 
 4.80280000e-06 -4.20709160e-01  9.52406441e-01 
 4.81280000e-06 -4.10647009e-01  9.57077023e-01 
 4.82280000e-06 -4.00482998e-01  9.61511461e-01 
 4.83280000e-06 -3.90219646e-01  9.65708660e-01 
 4.84280000e-06 -3.79859492e-01  9.69667585e-01 
 4.85280000e-06 -3.69405103e-01  9.73387258e-01 
 4.86280000e-06 -3.58859067e-01  9.76866764e-01 
 4.87280000e-06 -3.48223996e-01  9.80105242e-01 
 4.88280000e-06 -3.37502525e-01  9.83101893e-01 
 4.89280000e-06 -3.26697309e-01  9.85855979e-01 
 4.90280000e-06 -3.15811024e-01  9.88366820e-01 
 4.91280000e-06 -3.04846366e-01  9.90633796e-01 
 4.92280000e-06 -2.93806051e-01  9.92656348e-01 
 4.93280000e-06 -2.82692814e-01  9.94433977e-01 
 4.94280000e-06 -2.71509407e-01  9.95966244e-01 
 4.95280000e-06 -2.60258602e-01  9.97252771e-01 
 4.96280000e-06 -2.48943184e-01  9.98293242e-01 
 4.97280000e-06 -2.37565957e-01  9.99087398e-01 
 4.98280000e-06 -2.26129739e-01  9.99635044e-01 
 4.99280000e-06 -2.14637363e-01  9.99936046e-01 
 5.00280000e-06 -2.03091675e-01  9.99990328e-01 
 5.01280000e-06 -1.91495536e-01  9.99797877e-01 
 5.02280000e-06 -1.79851818e-01  9.99358742e-01 
 5.03280000e-06 -1.68163406e-01  9.98673029e-01 
 5.04280000e-06 -1.56433195e-01  9.97740909e-01 
 5.05280000e-06 -1.44664090e-01  9.96562611e-01 
 5.06280000e-06 -1.32859007e-01  9.95138427e-01 
 5.07280000e-06 -1.21020870e-01  9.93468707e-01 
 5.08280000e-06 -1.09152611e-01  9.91553863e-01 
 5.09280000e-06 -9.72571698e-02  9.89394368e-01 
 5.10280000e-06 -8.53374932e-02  9.86990755e-01 
 5.11280000e-06 -7.33965335e-02  9.84343617e-01 
 5.12280000e-06 -6.14372481e-02  9.81453606e-01 
 5.13280000e-06 -4.94625991e-02  9.78321437e-01 
 5.14280000e-06 -3.74755524e-02  9.74947882e-01 
 5.15280000e-06 -2.54790768e-02  9.71333772e-01 
 5.16280000e-06 -1.34761433e-02  9.67480001e-01 
 5.17280000e-06 -1.46972459e-03  9.63387519e-01 
 5.18280000e-06  1.05372060e-02  9.59057335e-01 
 5.19280000e-06  2.25416749e-02  9.54490517e-01 
 5.20280000e-06  3.45407095e-02  9.49688194e-01 
 5.21280000e-06  4.65313385e-02  9.44651549e-01 
 5.22280000e-06  5.85105926e-02  9.39381826e-01 
 5.23280000e-06  7.04755056e-02  9.33880324e-01 
 5.24280000e-06  8.24231149e-02  9.28148402e-01 
 5.25280000e-06  9.43504624e-02  9.22187472e-01 
 5.26280000e-06  1.06254595e-01  9.15999007e-01 
 5.27280000e-06  1.18132565e-01  9.09584533e-01 
 5.28280000e-06  1.29981432e-01  9.02945632e-01 
 5.29280000e-06  1.41798263e-01  8.96083943e-01 
 5.30280000e-06  1.53580132e-01  8.89001158e-01 
 5.31280000e-06  1.65324123e-01  8.81699026e-01 
 5.32280000e-06  1.77027329e-01  8.74179348e-01 
 5.33280000e-06  1.88686852e-01  8.66443979e-01 
 5.34280000e-06  2.00299808e-01  8.58494828e-01 
 5.35280000e-06  2.11863321e-01  8.50333856e-01 
 5.36280000e-06  2.23374529e-01  8.41963077e-01 
 5.37280000e-06  2.34830584e-01  8.33384557e-01 
 5.38280000e-06  2.46228650e-01  8.24600411e-01 
 5.39280000e-06  2.57565908e-01  8.15612807e-01 
 5.40280000e-06  2.68839550e-01  8.06423963e-01 
 5.41280000e-06  2.80046789e-01  7.97036146e-01 
 5.42280000e-06  2.91184849e-01  7.87451673e-01 
 5.43280000e-06  3.02250977e-01  7.77672907e-01 
 5.44280000e-06  3.13242433e-01  7.67702262e-01 
 5.45280000e-06  3.24156498e-01  7.57542198e-01 
 5.46280000e-06  3.34990472e-01  7.47195222e-01 
 5.47280000e-06  3.45741676e-01  7.36663887e-01 
 5.48280000e-06  3.56407449e-01  7.25950791e-01 
 5.49280000e-06  3.66985153e-01  7.15058577e-01 
 5.50280000e-06  3.77472172e-01  7.03989934e-01 
 5.51280000e-06  3.87865911e-01  6.92747591e-01 
 5.52280000e-06  3.98163801e-01  6.81334324e-01 
 5.53280000e-06  4.08363293e-01  6.69752947e-01 
 5.54280000e-06  4.18461866e-01  6.58006319e-01 
 5.55280000e-06  4.28457023e-01  6.46097337e-01 
 5.56280000e-06  4.38346291e-01  6.34028941e-01 
 5.57280000e-06  4.48127226e-01  6.21804108e-01 
 5.58280000e-06  4.57797408e-01  6.09425853e-01 
 5.59280000e-06  4.67354447e-01  5.96897232e-01 
 5.60280000e-06  4.76795980e-01  5.84221336e-01 
 5.61280000e-06  4.86119672e-01  5.71401292e-01 
 5.62280000e-06  4.95323219e-01  5.58440263e-01 
 5.63280000e-06  5.04404344e-01  5.45341447e-01 
 5.64280000e-06  5.13360804e-01  5.32108076e-01 
 5.65280000e-06  5.22190385e-01  5.18743416e-01 
 5.66280000e-06  5.30890903e-01  5.05250763e-01 
 5.67280000e-06  5.39460208e-01  4.91633448e-01 
 5.68280000e-06  5.47896183e-01  4.77894829e-01 
 5.69280000e-06  5.56196742e-01  4.64038297e-01 
 5.70280000e-06  5.64359834e-01  4.50067270e-01 
 5.71280000e-06  5.72383441e-01  4.35985196e-01 
 5.72280000e-06  5.80265581e-01  4.21795549e-01 
 5.73280000e-06  5.88004306e-01  4.07501830e-01 
 5.74280000e-06  5.95597703e-01  3.93107567e-01 
 5.75280000e-06  6.03043897e-01  3.78616310e-01 
 5.76280000e-06  6.10341047e-01  3.64031635e-01 
 5.77280000e-06  6.17487351e-01  3.49357140e-01 
 5.78280000e-06  6.24481043e-01  3.34596447e-01 
 5.79280000e-06  6.31320395e-01  3.19753198e-01 
 5.80280000e-06  6.38003717e-01  3.04831054e-01 
 5.81280000e-06  6.44529358e-01  2.89833698e-01 
 5.82280000e-06  6.50895707e-01  2.74764829e-01 
 5.83280000e-06  6.57101190e-01  2.59628166e-01 
 5.84280000e-06  6.63144275e-01  2.44427444e-01 
 5.85280000e-06  6.69023470e-01  2.29166413e-01 
 5.86280000e-06  6.74737321e-01  2.13848839e-01 
 5.87280000e-06  6.80284417e-01  1.98478501e-01 
 5.88280000e-06  6.85663389e-01  1.83059191e-01 
 5.89280000e-06  6.90872908e-01  1.67594714e-01 
 5.90280000e-06  6.95911687e-01  1.52088886e-01 
 5.91280000e-06  7.00778483e-01  1.36545532e-01 
 5.92280000e-06  7.05472092e-01  1.20968487e-01 
 5.93280000e-06  7.09991356e-01  1.05361595e-01 
 5.94280000e-06  7.14335158e-01  8.97287070e-02 
 5.95280000e-06  7.18502427e-01  7.40736796e-02 
 5.96280000e-06  7.22492132e-01  5.84003755e-02 
 5.97280000e-06  7.26303290e-01  4.27126621e-02 
 5.98280000e-06  7.29934957e-01  2.70144100e-02 
 5.99280000e-06  7.33386239e-01  1.13094924e-02 
 6.00280000e-06  7.36656282e-01 -4.39821553e-03 
 6.01280000e-06  7.39744278e-01 -2.01048383e-02 
 6.02280000e-06  7.42649467e-01 -3.58065005e-02 
 6.03280000e-06  7.45371129e-01 -5.14993281e-02 
 6.04280000e-06  7.47908593e-01 -6.71794489e-02 
 6.05280000e-06  7.50261232e-01 -8.28429942e-02 
 6.06280000e-06  7.52428466e-01 -9.84860992e-02 
 6.07280000e-06  7.54409758e-01 -1.14104904e-01 
 6.08280000e-06  7.56204620e-01 -1.29695556e-01 
 6.09280000e-06  7.57812609e-01 -1.45254207e-01 
 6.10280000e-06  7.59233327e-01 -1.60777018e-01 
 6.11280000e-06  7.60466423e-01 -1.76260160e-01 
 6.12280000e-06  7.61511592e-01 -1.91699813e-01 
 6.13280000e-06  7.62368577e-01 -2.07092167e-01 
 6.14280000e-06  7.63037165e-01 -2.22433424e-01 
 6.15280000e-06  7.63517192e-01 -2.37719798e-01 
 6.16280000e-06  7.63808537e-01 -2.52947519e-01 
 6.17280000e-06  7.63911130e-01 -2.68112829e-01 
 6.18280000e-06  7.63824944e-01 -2.83211986e-01 
 6.19280000e-06  7.63550000e-01 -2.98241265e-01 
 6.20280000e-06  7.63086366e-01 -3.13196957e-01 
 6.21280000e-06  7.62434156e-01 -3.28075373e-01 
 6.22280000e-06  7.61593530e-01 -3.42872840e-01 
 6.23280000e-06  7.60564695e-01 -3.57585709e-01 
 6.24280000e-06  7.59347905e-01 -3.72210349e-01 
 6.25280000e-06  7.57943460e-01 -3.86743152e-01 
 6.26280000e-06  7.56351706e-01 -4.01180532e-01 
 6.27280000e-06  7.54573035e-01 -4.15518926e-01 
 6.28280000e-06  7.52607885e-01 -4.29754798e-01 
 6.29280000e-06  7.50456742e-01 -4.43884634e-01 
 6.30280000e-06  7.48120136e-01 -4.57904947e-01 
 6.31280000e-06  7.45598642e-01 -4.71812280e-01 
 6.32280000e-06  7.42892883e-01 -4.85603200e-01 
 6.33280000e-06  7.40003526e-01 -4.99274305e-01 
 6.34280000e-06  7.36931282e-01 -5.12822221e-01 
 6.35280000e-06  7.33676911e-01 -5.26243606e-01 
 6.36280000e-06  7.30241215e-01 -5.39535149e-01 
 6.37280000e-06  7.26625040e-01 -5.52693569e-01 
 6.38280000e-06  7.22829278e-01 -5.65715620e-01 
 6.39280000e-06  7.18854867e-01 -5.78598089e-01 
 6.40280000e-06  7.14702786e-01 -5.91337798e-01 
 6.41280000e-06  7.10374059e-01 -6.03931603e-01 
 6.42280000e-06  7.05869754e-01 -6.16376398e-01 
 6.43280000e-06  7.01190981e-01 -6.28669110e-01 
 6.44280000e-06  6.96338896e-01 -6.40806708e-01 
 6.45280000e-06  6.91314694e-01 -6.52786196e-01 
 6.46280000e-06  6.86119616e-01 -6.64604619e-01 
 6.47280000e-06  6.80754942e-01 -6.76259061e-01 
 6.48280000e-06  6.75221996e-01 -6.87746646e-01 
 6.49280000e-06  6.69522143e-01 -6.99064540e-01 
 6.50280000e-06  6.63656788e-01 -7.10209950e-01 
 6.51280000e-06  6.57627380e-01 -7.21180126e-01 
 6.52280000e-06  6.51435404e-01 -7.31972362e-01 
 6.53280000e-06  6.45082390e-01 -7.42583995e-01 
 6.54280000e-06  6.38569903e-01 -7.53012407e-01 
 6.55280000e-06  6.31899551e-01 -7.63255023e-01 
 6.56280000e-06  6.25072979e-01 -7.73309318e-01 
 6.57280000e-06  6.18091872e-01 -7.83172811e-01 
 6.58280000e-06  6.10957951e-01 -7.92843067e-01 
 6.59280000e-06  6.03672978e-01 -8.02317701e-01 
 6.60280000e-06  5.96238748e-01 -8.11594376e-01 
 6.61280000e-06  5.88657098e-01 -8.20670801e-01 
 6.62280000e-06  5.80929896e-01 -8.29544738e-01 
 6.63280000e-06  5.73059050e-01 -8.38213998e-01 
 6.64280000e-06  5.65046502e-01 -8.46676441e-01 
 6.65280000e-06  5.56894229e-01 -8.54929979e-01 
 6.66280000e-06  5.48604242e-01 -8.62972576e-01 
 6.67280000e-06  5.40178587e-01 -8.70802247e-01 
 6.68280000e-06  5.31619343e-01 -8.78417061e-01 
 6.69280000e-06  5.22928622e-01 -8.85815138e-01 
 6.70280000e-06  5.14108569e-01 -8.92994654e-01 
 6.71280000e-06  5.05161360e-01 -8.99953837e-01 
 6.72280000e-06  4.96089203e-01 -9.06690970e-01 
 6.73280000e-06  4.86894336e-01 -9.13204390e-01 
 6.74280000e-06  4.77579030e-01 -9.19492491e-01 
 6.75280000e-06  4.68145582e-01 -9.25553721e-01 
 6.76280000e-06  4.58596321e-01 -9.31386584e-01 
 6.77280000e-06  4.48933604e-01 -9.36989642e-01 
 6.78280000e-06  4.39159814e-01 -9.42361511e-01 
 6.79280000e-06  4.29277365e-01 -9.47500867e-01 
 6.80280000e-06  4.19288695e-01 -9.52406441e-01 
 6.81280000e-06  4.09196270e-01 -9.57077023e-01 
 6.82280000e-06  3.99002579e-01 -9.61511461e-01 
 6.83280000e-06  3.88710140e-01 -9.65708660e-01 
 6.84280000e-06  3.78321492e-01 -9.69667585e-01 
 6.85280000e-06  3.67839200e-01 -9.73387258e-01 
 6.86280000e-06  3.57265851e-01 -9.76866764e-01 
 6.87280000e-06  3.46604054e-01 -9.80105242e-01 
 6.88280000e-06  3.35856441e-01 -9.83101893e-01 
 6.89280000e-06  3.25025664e-01 -9.85855979e-01 
 6.90280000e-06  3.14114398e-01 -9.88366820e-01 
 6.91280000e-06  3.03125335e-01 -9.90633796e-01 
 6.92280000e-06  2.92061188e-01 -9.92656348e-01 
 6.93280000e-06  2.80924688e-01 -9.94433977e-01 
 6.94280000e-06  2.69718583e-01 -9.95966244e-01 
 6.95280000e-06  2.58445641e-01 -9.97252771e-01 
 6.96280000e-06  2.47108643e-01 -9.98293242e-01 
 6.97280000e-06  2.35710387e-01 -9.99087398e-01 
 6.98280000e-06  2.24253688e-01 -9.99635044e-01 
 6.99280000e-06  2.12741374e-01 -9.99936046e-01 
 7.00280000e-06  2.01176286e-01 -9.99990328e-01 
 7.01280000e-06  1.89561279e-01 -9.99797877e-01 
 7.02280000e-06  1.77899220e-01 -9.99358742e-01 
 7.03280000e-06  1.66192989e-01 -9.98673029e-01 
 7.04280000e-06  1.54445474e-01 -9.97740909e-01 
 7.05280000e-06  1.42659576e-01 -9.96562611e-01 
 7.06280000e-06  1.30838204e-01 -9.95138427e-01 
 7.07280000e-06  1.18984276e-01 -9.93468707e-01 
 7.08280000e-06  1.07100718e-01 -9.91553863e-01 
 7.09280000e-06  9.51904646e-02 -9.89394368e-01 
 7.10280000e-06  8.32564548e-02 -9.86990755e-01 
 7.11280000e-06  7.13016350e-02 -9.84343617e-01 
 7.12280000e-06  5.93289561e-02 -9.81453606e-01 
 7.13280000e-06  4.73413737e-02 -9.78321437e-01 
 7.14280000e-06  3.53418470e-02 -9.74947882e-01 
 7.15280000e-06  2.33333380e-02 -9.71333772e-01 
 7.16280000e-06  1.13188110e-02 -9.67480001e-01 
 7.17280000e-06 -6.98768044e-04 -9.63387519e-01 
 7.18280000e-06 -1.27164327e-02 -9.59057335e-01 
 7.19280000e-06 -2.47312165e-02 -9.54490517e-01 
 7.20280000e-06 -3.67401536e-02 -9.49688194e-01 
 7.21280000e-06 -4.87402796e-02 -9.44651549e-01 
 7.22280000e-06 -6.07286324e-02 -9.39381826e-01 
 7.23280000e-06 -7.27022528e-02 -9.33880324e-01 
 7.24280000e-06 -8.46581852e-02 -9.28148402e-01 
 7.25280000e-06 -9.65934784e-02 -9.22187472e-01 
 7.26280000e-06 -1.08505186e-01 -9.15999007e-01 
 7.27280000e-06 -1.20390369e-01 -9.09584533e-01 
 7.28280000e-06 -1.32246093e-01 -9.02945632e-01 
 7.29280000e-06 -1.44069431e-01 -8.96083943e-01 
 7.30280000e-06 -1.55857465e-01 -8.89001158e-01 
 7.31280000e-06 -1.67607286e-01 -8.81699026e-01 
 7.32280000e-06 -1.79315994e-01 -8.74179348e-01 
 7.33280000e-06 -1.90980699e-01 -8.66443979e-01 
 7.34280000e-06 -2.02598522e-01 -8.58494828e-01 
 7.35280000e-06 -2.14166595e-01 -8.50333856e-01 
 7.36280000e-06 -2.25682063e-01 -8.41963077e-01 
 7.37280000e-06 -2.37142085e-01 -8.33384557e-01 
 7.38280000e-06 -2.48543831e-01 -8.24600411e-01 
 7.39280000e-06 -2.59884489e-01 -8.15612807e-01 
 7.40280000e-06 -2.71161258e-01 -8.06423963e-01 
 7.41280000e-06 -2.82371358e-01 -7.97036146e-01 
 7.42280000e-06 -2.93512020e-01 -7.87451673e-01 
 7.43280000e-06 -3.04580495e-01 -7.77672907e-01 
 7.44280000e-06 -3.15574053e-01 -7.67702262e-01 
 7.45280000e-06 -3.26489980e-01 -7.57542198e-01 
 7.46280000e-06 -3.37325582e-01 -7.47195222e-01 
 7.47280000e-06 -3.48078186e-01 -7.36663887e-01 
 7.48280000e-06 -3.58745139e-01 -7.25950791e-01 
 7.49280000e-06 -3.69323808e-01 -7.15058577e-01 
 7.50280000e-06 -3.79811582e-01 -7.03989934e-01 
 7.51280000e-06 -3.90205876e-01 -6.92747591e-01 
 7.52280000e-06 -4.00504122e-01 -6.81334324e-01 
 7.53280000e-06 -4.10703782e-01 -6.69752947e-01 
 7.54280000e-06 -4.20802337e-01 -6.58006319e-01 
 7.55280000e-06 -4.30797297e-01 -6.46097337e-01 
 7.56280000e-06 -4.40686196e-01 -6.34028941e-01 
 7.57280000e-06 -4.50466593e-01 -6.21804108e-01 
 7.58280000e-06 -4.60136076e-01 -6.09425853e-01 
 7.59280000e-06 -4.69692260e-01 -5.96897232e-01 
 7.60280000e-06 -4.79132787e-01 -5.84221336e-01 
 7.61280000e-06 -4.88455327e-01 -5.71401292e-01 
 7.62280000e-06 -4.97657582e-01 -5.58440263e-01 
 7.63280000e-06 -5.06737281e-01 -5.45341447e-01 
 7.64280000e-06 -5.15692184e-01 -5.32108076e-01 
 7.65280000e-06 -5.24520082e-01 -5.18743416e-01 
 7.66280000e-06 -5.33218798e-01 -5.05250763e-01 
 7.67280000e-06 -5.41786187e-01 -4.91633448e-01 
 7.68280000e-06 -5.50220134e-01 -4.77894829e-01 
 7.69280000e-06 -5.58518560e-01 -4.64038297e-01 
 7.70280000e-06 -5.66679418e-01 -4.50067270e-01 
 7.71280000e-06 -5.74700694e-01 -4.35985196e-01 
 7.72280000e-06 -5.82580411e-01 -4.21795549e-01 
 7.73280000e-06 -5.90316626e-01 -4.07501830e-01 
 7.74280000e-06 -5.97907429e-01 -3.93107567e-01 
 7.75280000e-06 -6.05350949e-01 -3.78616310e-01 
 7.76280000e-06 -6.12645351e-01 -3.64031635e-01 
 7.77280000e-06 -6.19788835e-01 -3.49357140e-01 
 7.78280000e-06 -6.26779640e-01 -3.34596447e-01 
 7.79280000e-06 -6.33616042e-01 -3.19753198e-01 
 7.80280000e-06 -6.40296354e-01 -3.04831054e-01 
 7.81280000e-06 -6.46818930e-01 -2.89833698e-01 
 7.82280000e-06 -6.53182160e-01 -2.74764829e-01 
 7.83280000e-06 -6.59384477e-01 -2.59628166e-01 
 7.84280000e-06 -6.65424350e-01 -2.44427444e-01 
 7.85280000e-06 -6.71300290e-01 -2.29166413e-01 
 7.86280000e-06 -6.77010848e-01 -2.13848839e-01 
 7.87280000e-06 -6.82554616e-01 -1.98478501e-01 
 7.88280000e-06 -6.87930227e-01 -1.83059191e-01 
 7.89280000e-06 -6.93136356e-01 -1.67594714e-01 
 7.90280000e-06 -6.98171719e-01 -1.52088886e-01 
 7.91280000e-06 -7.03035074e-01 -1.36545532e-01 
 7.92280000e-06 -7.07725222e-01 -1.20968487e-01 
 7.93280000e-06 -7.12241007e-01 -1.05361595e-01 
 7.94280000e-06 -7.16581316e-01 -8.97287070e-02 
 7.95280000e-06 -7.20745078e-01 -7.40736796e-02 
 7.96280000e-06 -7.24731266e-01 -5.84003755e-02 
 7.97280000e-06 -7.28538899e-01 -4.27126621e-02 
 7.98280000e-06 -7.32167036e-01 -2.70144100e-02 
 7.99280000e-06 -7.35614784e-01 -1.13094924e-02 
 8.00280000e-06 -7.38881293e-01  4.39821553e-03 
 8.01280000e-06 -7.41965757e-01  2.01048383e-02 
 8.02280000e-06 -7.44867415e-01  3.58065005e-02 
 8.03280000e-06 -7.47585553e-01  5.14993281e-02 
 8.04280000e-06 -7.50119500e-01  6.71794489e-02 
 8.05280000e-06 -7.52468631e-01  8.28429942e-02 
 8.06280000e-06 -7.54632367e-01  9.84860992e-02 
 8.07280000e-06 -7.56610176e-01  1.14104904e-01 
 8.08280000e-06 -7.58401568e-01  1.29695556e-01 
 8.09280000e-06 -7.60006102e-01  1.45254207e-01 
 8.10280000e-06 -7.61423384e-01  1.60777018e-01 
 8.11280000e-06 -7.62653063e-01  1.76260160e-01 
 8.12280000e-06 -7.63694836e-01  1.91699813e-01 
 8.13280000e-06 -7.64548446e-01  2.07092167e-01 
 8.14280000e-06 -7.65213682e-01  2.22433424e-01 
 8.15280000e-06 -7.65690382e-01  2.37719798e-01 
 8.16280000e-06 -7.65978426e-01  2.52947519e-01 
 8.17280000e-06 -7.66077744e-01  2.68112829e-01 
 8.18280000e-06 -7.65988312e-01  2.83211986e-01 
 8.19280000e-06 -7.65710151e-01  2.98241265e-01 
 8.20280000e-06 -7.65243330e-01  3.13196957e-01 
 8.21280000e-06 -7.64587963e-01  3.28075373e-01 
 8.22280000e-06 -7.63744213e-01  3.42872840e-01 
 8.23280000e-06 -7.62712287e-01  3.57585709e-01 
 8.24280000e-06 -7.61492440e-01  3.72210349e-01 
 8.25280000e-06 -7.60084971e-01  3.86743152e-01 
 8.26280000e-06 -7.58490229e-01  4.01180532e-01 
 8.27280000e-06 -7.56708605e-01  4.15518926e-01 
 8.28280000e-06 -7.54740540e-01  4.29754798e-01 
 8.29280000e-06 -7.52586518e-01  4.43884634e-01 
 8.30280000e-06 -7.50247070e-01  4.57904947e-01 
 8.31280000e-06 -7.47722772e-01  4.71812280e-01 
 8.32280000e-06 -7.45014248e-01  4.85603200e-01 
 8.33280000e-06 -7.42122165e-01  4.99274305e-01 
 8.34280000e-06 -7.39047235e-01  5.12822221e-01 
 8.35280000e-06 -7.35790216e-01  5.26243606e-01 
 8.36280000e-06 -7.32351913e-01  5.39535149e-01 
 8.37280000e-06 -7.28733171e-01  5.52693569e-01 
 8.38280000e-06 -7.24934884e-01  5.65715620e-01 
 8.39280000e-06 -7.20957987e-01  5.78598089e-01 
 8.40280000e-06 -7.16803461e-01  5.91337798e-01 
 8.41280000e-06 -7.12472331e-01  6.03931603e-01 
 8.42280000e-06 -7.07965663e-01  6.16376398e-01 
 8.43280000e-06 -7.03284570e-01  6.28669110e-01 
 8.44280000e-06 -6.98430206e-01  6.40806708e-01 
 8.45280000e-06 -6.93403766e-01  6.52786196e-01 
 8.46280000e-06 -6.88206491e-01  6.64604619e-01 
 8.47280000e-06 -6.82839662e-01  6.76259061e-01 
 8.48280000e-06 -6.77304603e-01  6.87746646e-01 
 8.49280000e-06 -6.71602677e-01  6.99064540e-01 
 8.50280000e-06 -6.65735292e-01  7.10209950e-01 
 8.51280000e-06 -6.59703893e-01  7.21180126e-01 
 8.52280000e-06 -6.53509969e-01  7.31972362e-01 
 8.53280000e-06 -6.47155047e-01  7.42583995e-01 
 8.54280000e-06 -6.40640693e-01  7.53012407e-01 
 8.55280000e-06 -6.33968514e-01  7.63255023e-01 
 8.56280000e-06 -6.27140156e-01  7.73309318e-01 
 8.57280000e-06 -6.20157302e-01  7.83172811e-01 
 8.58280000e-06 -6.13021675e-01  7.92843067e-01 
 8.59280000e-06 -6.05735035e-01  8.02317701e-01 
 8.60280000e-06 -5.98299178e-01  8.11594376e-01 
 8.61280000e-06 -5.90715939e-01  8.20670801e-01 
 8.62280000e-06 -5.82987187e-01  8.29544738e-01 
 8.63280000e-06 -5.75114830e-01  8.38213998e-01 
 8.64280000e-06 -5.67100808e-01  8.46676441e-01 
 8.65280000e-06 -5.58947099e-01  8.54929979e-01 
 8.66280000e-06 -5.50655714e-01  8.62972576e-01 
 8.67280000e-06 -5.42228698e-01  8.70802247e-01 
 8.68280000e-06 -5.33668129e-01  8.78417061e-01 
 8.69280000e-06 -5.24976120e-01  8.85815138e-01 
 8.70280000e-06 -5.16154814e-01  8.92994654e-01 
 8.71280000e-06 -5.07206388e-01  8.99953837e-01 
 8.72280000e-06 -4.98133048e-01  9.06690970e-01 
 8.73280000e-06 -4.88937034e-01  9.13204390e-01 
 8.74280000e-06 -4.79620614e-01  9.19492491e-01 
 8.75280000e-06 -4.70186087e-01  9.25553721e-01 
 8.76280000e-06 -4.60635779e-01  9.31386584e-01 
 8.77280000e-06 -4.50972048e-01  9.36989642e-01 
 8.78280000e-06 -4.41197277e-01  9.42361511e-01 
 8.79280000e-06 -4.31313878e-01  9.47500867e-01 
 8.80280000e-06 -4.21324290e-01  9.52406441e-01 
 8.81280000e-06 -4.11230977e-01  9.57077023e-01 
 8.82280000e-06 -4.01036429e-01  9.61511461e-01 
 8.83280000e-06 -3.90743163e-01  9.65708660e-01 
 8.84280000e-06 -3.80353718e-01  9.69667585e-01 
 8.85280000e-06 -3.69870657e-01  9.73387258e-01 
 8.86280000e-06 -3.59296567e-01  9.76866764e-01 
 8.87280000e-06 -3.48634058e-01  9.80105242e-01 
 8.88280000e-06 -3.37885760e-01  9.83101893e-01 
 8.89280000e-06 -3.27054327e-01  9.85855979e-01 
 8.90280000e-06 -3.16142429e-01  9.88366820e-01 
 8.91280000e-06 -3.05152762e-01  9.90633796e-01 
 8.92280000e-06 -2.94088035e-01  9.92656348e-01 
 8.93280000e-06 -2.82950980e-01  9.94433977e-01 
 8.94280000e-06 -2.71744346e-01  9.95966244e-01 
 8.95280000e-06 -2.60470898e-01  9.97252771e-01 
 8.96280000e-06 -2.49133417e-01  9.98293242e-01 
 8.97280000e-06 -2.37734703e-01  9.99087398e-01 
 8.98280000e-06 -2.26277567e-01  9.99635044e-01 
 8.99280000e-06 -2.14764838e-01  9.99936046e-01 
 9.00280000e-06 -2.03199357e-01  9.99990328e-01 
 9.01280000e-06 -1.91583979e-01  9.99797877e-01 
 9.02280000e-06 -1.79921569e-01  9.99358742e-01 
 9.03280000e-06 -1.68215006e-01  9.98673029e-01 
 9.04280000e-06 -1.56467180e-01  9.97740909e-01 
 9.05280000e-06 -1.44680990e-01  9.96562611e-01 
 9.06280000e-06 -1.32859345e-01  9.95138427e-01 
 9.07280000e-06 -1.21005162e-01  9.93468707e-01 
 9.08280000e-06 -1.09121367e-01  9.91553863e-01 
 9.09280000e-06 -9.72108935e-02  9.89394368e-01 
 9.10280000e-06 -8.52766808e-02  9.86990755e-01 
 9.11280000e-06 -7.33216746e-02  9.84343617e-01 
 9.12280000e-06 -6.13488253e-02  9.81453606e-01 
 9.13280000e-06 -4.93610881e-02  9.78321437e-01 
 9.14280000e-06 -3.73614217e-02  9.74947882e-01 
 9.15280000e-06 -2.53527877e-02  9.71333772e-01 
 9.16280000e-06 -1.33381501e-02  9.67480001e-01 
 9.17280000e-06 -1.32047424e-03  9.63387519e-01 
 9.18280000e-06  1.06972738e-02  9.59057335e-01 
 9.19280000e-06  2.27121279e-02  9.54490517e-01 
 9.20280000e-06  3.47211226e-02  9.49688194e-01 
 9.21280000e-06  4.67212941e-02  9.44651549e-01 
 9.22280000e-06  5.87096805e-02  9.39381826e-01 
 9.23280000e-06  7.06833230e-02  9.33880324e-01 
 9.24280000e-06  8.26392665e-02  9.28148402e-01 
 9.25280000e-06  9.45745600e-02  9.22187472e-01 
 9.26280000e-06  1.06486258e-01  9.15999007e-01 
 9.27280000e-06  1.18371421e-01  9.09584533e-01 
 9.28280000e-06  1.30227115e-01  9.02945632e-01 
 9.29280000e-06  1.42050414e-01  8.96083943e-01 
 9.30280000e-06  1.53838401e-01  8.89001158e-01 
 9.31280000e-06  1.65588166e-01  8.81699026e-01 
 9.32280000e-06  1.77296810e-01  8.74179348e-01 
 9.33280000e-06  1.88961442e-01  8.66443979e-01 
 9.34280000e-06  2.00579185e-01  8.58494828e-01 
 9.35280000e-06  2.12147171e-01  8.50333856e-01 
 9.36280000e-06  2.23662546e-01  8.41963077e-01 
 9.37280000e-06  2.35122467e-01  8.33384557e-01 
 9.38280000e-06  2.46524106e-01  8.24600411e-01 
 9.39280000e-06  2.57864651e-01  8.15612807e-01 
 9.40280000e-06  2.69141302e-01  8.06423963e-01 
 9.41280000e-06  2.80351278e-01  7.97036146e-01 
 9.42280000e-06  2.91491810e-01  7.87451673e-01 
 9.43280000e-06  3.02560152e-01  7.77672907e-01 
 9.44280000e-06  3.13553571e-01  7.67702262e-01 
 9.45280000e-06  3.24469355e-01  7.57542198e-01 
 9.46280000e-06  3.35304810e-01  7.47195222e-01 
 9.47280000e-06  3.46057263e-01  7.36663887e-01 
 9.48280000e-06  3.56724061e-01  7.25950791e-01 
 9.49280000e-06  3.67302572e-01  7.15058577e-01 
 9.50280000e-06  3.77790186e-01  7.03989934e-01 
 9.51280000e-06  3.88184315e-01  6.92747591e-01 
 9.52280000e-06  3.98482395e-01  6.81334324e-01 
 9.53280000e-06  4.08681886e-01  6.69752947e-01 
 9.54280000e-06  4.18780270e-01  6.58006319e-01 
 9.55280000e-06  4.28775056e-01  6.46097337e-01 
 9.56280000e-06  4.38663779e-01  6.34028941e-01 
 9.57280000e-06  4.48444000e-01  6.21804108e-01 
 9.58280000e-06  4.58113304e-01  6.09425853e-01 
 9.59280000e-06  4.67669308e-01  5.96897232e-01 
 9.60280000e-06  4.77109654e-01  5.84221336e-01 
 9.61280000e-06  4.86432012e-01  5.71401292e-01 
 9.62280000e-06  4.95634084e-01  5.58440263e-01 
 9.63280000e-06  5.04713600e-01  5.45341447e-01 
 9.64280000e-06  5.13668319e-01  5.32108076e-01 
 9.65280000e-06  5.22496033e-01  5.18743416e-01 
 9.66280000e-06  5.31194565e-01  5.05250763e-01 
 9.67280000e-06  5.39761769e-01  4.91633448e-01 
 9.68280000e-06  5.48195532e-01  4.77894829e-01 
 9.69280000e-06  5.56493774e-01  4.64038297e-01 
 9.70280000e-06  5.64654448e-01  4.50067270e-01 
 9.71280000e-06  5.72675542e-01  4.35985196e-01 
 9.72280000e-06  5.80555076e-01  4.21795549e-01 
 9.73280000e-06  5.88291109e-01  4.07501830e-01 
 9.74280000e-06  5.95881731e-01  3.93107567e-01 
 9.75280000e-06  6.03325072e-01  3.78616310e-01 
 9.76280000e-06  6.10619295e-01  3.64031635e-01 
 9.77280000e-06  6.17762601e-01  3.49357140e-01 
 9.78280000e-06  6.24753229e-01  3.34596447e-01 
 9.79280000e-06  6.31589456e-01  3.19753198e-01 
 9.80280000e-06  6.38269594e-01  3.04831054e-01 
 9.81280000e-06  6.44791997e-01  2.89833698e-01 
 9.82280000e-06  6.51155057e-01  2.74764829e-01 
 9.83280000e-06  6.57357205e-01  2.59628166e-01 
 9.84280000e-06  6.63396910e-01  2.44427444e-01 
 9.85280000e-06  6.69272685e-01  2.29166413e-01 
 9.86280000e-06  6.74983079e-01  2.13848839e-01 
 9.87280000e-06  6.80526686e-01  1.98478501e-01 
 9.88280000e-06  6.85902137e-01  1.83059191e-01 
 9.89280000e-06  6.91108108e-01  1.67594714e-01 
 9.90280000e-06  6.96143315e-01  1.52088886e-01 
 9.91280000e-06  7.01006517e-01  1.36545532e-01 
 9.92280000e-06  7.05696514e-01  1.20968487e-01 
 9.93280000e-06  7.10212150e-01  1.05361595e-01 
 9.94280000e-06  7.14552312e-01  8.97287070e-02 
 9.95280000e-06  7.18715929e-01  7.40736796e-02 
 9.96280000e-06  7.22701976e-01  5.84003755e-02 
 9.97280000e-06  7.26509468e-01  4.27126621e-02 
 9.98280000e-06  7.30137468e-01  2.70144100e-02 
 9.99280000e-06  7.33585081e-01  1.13094924e-02 
 1.00028000e-05  7.36851458e-01 -4.39821553e-03 
 1.00128000e-05  7.39935791e-01 -2.01048383e-02 
 1.00228000e-05  7.42837322e-01 -3.58065005e-02 
 1.00328000e-05  7.45555335e-01 -5.14993281e-02 
 1.00428000e-05  7.48089159e-01 -6.71794489e-02 
 1.00528000e-05  7.50438171e-01 -8.28429942e-02 
 1.00628000e-05  7.52601790e-01 -9.84860992e-02 
 1.00728000e-05  7.54579483e-01 -1.14104904e-01 
 1.00828000e-05  7.56370763e-01 -1.29695556e-01 
 1.00928000e-05  7.57975189e-01 -1.45254207e-01 
 1.01028000e-05  7.59392363e-01 -1.60777018e-01 
 1.01128000e-05  7.60621937e-01 -1.76260160e-01 
 1.01228000e-05  7.61663608e-01 -1.91699813e-01 
 1.01328000e-05  7.62517119e-01 -2.07092167e-01 
 1.01428000e-05  7.63182259e-01 -2.22433424e-01 
 1.01528000e-05  7.63658865e-01 -2.37719798e-01 
 1.01628000e-05  7.63946818e-01 -2.52947519e-01 
 1.01728000e-05  7.64046047e-01 -2.68112829e-01 
 1.01828000e-05  7.63956529e-01 -2.83211986e-01 
 1.01928000e-05  7.63678284e-01 -2.98241265e-01 
 1.02028000e-05  7.63211381e-01 -3.13196957e-01 
 1.02128000e-05  7.62555936e-01 -3.28075373e-01 
 1.02228000e-05  7.61712110e-01 -3.42872840e-01 
 1.02328000e-05  7.60680110e-01 -3.57585709e-01 
 1.02428000e-05  7.59460192e-01 -3.72210349e-01 
 1.02528000e-05  7.58052655e-01 -3.86743152e-01 
 1.02628000e-05  7.56457846e-01 -4.01180532e-01 
 1.02728000e-05  7.54676159e-01 -4.15518926e-01 
 1.02828000e-05  7.52708032e-01 -4.29754798e-01 
 1.02928000e-05  7.50553951e-01 -4.43884634e-01 
 1.03028000e-05  7.48214446e-01 -4.57904947e-01 
 1.03128000e-05  7.45690095e-01 -4.71812280e-01 
 1.03228000e-05  7.42981519e-01 -4.85603200e-01 
 1.03328000e-05  7.40089386e-01 -4.99274305e-01 
 1.03428000e-05  7.37014409e-01 -5.12822221e-01 
 1.03528000e-05  7.33757346e-01 -5.26243606e-01 
 1.03628000e-05  7.30318999e-01 -5.39535149e-01 
 1.03728000e-05  7.26700217e-01 -5.52693569e-01 
 1.03828000e-05  7.22901891e-01 -5.65715620e-01 
 1.03928000e-05  7.18924959e-01 -5.78598089e-01 
 1.04028000e-05  7.14770399e-01 -5.91337798e-01 
 1.04128000e-05  7.10439237e-01 -6.03931603e-01 
 1.04228000e-05  7.05932540e-01 -6.16376398e-01 
 1.04328000e-05  7.01251419e-01 -6.28669110e-01 
 1.04428000e-05  6.96397029e-01 -6.40806708e-01 
 1.04528000e-05  6.91370566e-01 -6.52786196e-01 
 1.04628000e-05  6.86173269e-01 -6.64604619e-01 
 1.04728000e-05  6.80806421e-01 -6.76259061e-01 
 1.04828000e-05  6.75271343e-01 -6.87746646e-01 
 1.04928000e-05  6.69569402e-01 -6.99064540e-01 
 1.05028000e-05  6.63702003e-01 -7.10209950e-01 
 1.05128000e-05  6.57670593e-01 -7.21180126e-01 
 1.05228000e-05  6.51476658e-01 -7.31972362e-01 
 1.05328000e-05  6.45121727e-01 -7.42583995e-01 
 1.05428000e-05  6.38607366e-01 -7.53012407e-01 
 1.05528000e-05  6.31935183e-01 -7.63255023e-01 
 1.05628000e-05  6.25106821e-01 -7.73309318e-01 
 1.05728000e-05  6.18123966e-01 -7.83172811e-01 
 1.05828000e-05  6.10988339e-01 -7.92843067e-01 
 1.05928000e-05  6.03701700e-01 -8.02317701e-01 
 1.06028000e-05  5.96265847e-01 -8.11594376e-01 
 1.06128000e-05  5.88682612e-01 -8.20670801e-01 
 1.06228000e-05  5.80953867e-01 -8.29544738e-01 
 1.06328000e-05  5.73081518e-01 -8.38213998e-01 
 1.06428000e-05  5.65067506e-01 -8.46676441e-01 
 1.06528000e-05  5.56913808e-01 -8.54929979e-01 
 1.06628000e-05  5.48622435e-01 -8.62972576e-01 
 1.06728000e-05  5.40195432e-01 -8.70802247e-01 
 1.06828000e-05  5.31634878e-01 -8.78417061e-01 
 1.06928000e-05  5.22942885e-01 -8.85815138e-01 
 1.07028000e-05  5.14121597e-01 -8.92994654e-01 
 1.07128000e-05  5.05173189e-01 -8.99953837e-01 
 1.07228000e-05  4.96099870e-01 -9.06690970e-01 
 1.07328000e-05  4.86903878e-01 -9.13204390e-01 
 1.07428000e-05  4.77587480e-01 -9.19492491e-01 
 1.07528000e-05  4.68152976e-01 -9.25553721e-01 
 1.07628000e-05  4.58602694e-01 -9.31386584e-01 
 1.07728000e-05  4.48938988e-01 -9.36989642e-01 
 1.07828000e-05  4.39164244e-01 -9.42361511e-01 
 1.07928000e-05  4.29280873e-01 -9.47500867e-01 
 1.08028000e-05  4.19291314e-01 -9.52406441e-01 
 1.08128000e-05  4.09198031e-01 -9.57077023e-01 
 1.08228000e-05  3.99003515e-01 -9.61511461e-01 
 1.08328000e-05  3.88710281e-01 -9.65708660e-01 
 1.08428000e-05  3.78320869e-01 -9.69667585e-01 
 1.08528000e-05  3.67837842e-01 -9.73387258e-01 
 1.08628000e-05  3.57263788e-01 -9.76866764e-01 
 1.08728000e-05  3.46601314e-01 -9.80105242e-01 
 1.08828000e-05  3.35853053e-01 -9.83101893e-01 
 1.08928000e-05  3.25021657e-01 -9.85855979e-01 
 1.09028000e-05  3.14109798e-01 -9.88366820e-01 
 1.09128000e-05  3.03120169e-01 -9.90633796e-01 
 1.09228000e-05  2.92055483e-01 -9.92656348e-01 
 1.09328000e-05  2.80918469e-01 -9.94433977e-01 
 1.09428000e-05  2.69711875e-01 -9.95966244e-01 
 1.09528000e-05  2.58438469e-01 -9.97252771e-01 
 1.09628000e-05  2.47101031e-01 -9.98293242e-01 
 1.09728000e-05  2.35702360e-01 -9.99087398e-01 
 1.09828000e-05  2.24245269e-01 -9.99635044e-01 
 1.09928000e-05  2.12732584e-01 -9.99936046e-01 
 1.10028000e-05  2.01167149e-01 -9.99990328e-01 
 1.10128000e-05  1.89551816e-01 -9.99797877e-01 
 1.10228000e-05  1.77889452e-01 -9.99358742e-01 
 1.10328000e-05  1.66182937e-01 -9.98673029e-01 
 1.10428000e-05  1.54435158e-01 -9.97740909e-01 
 1.10528000e-05  1.42649016e-01 -9.96562611e-01 
 1.10628000e-05  1.30827419e-01 -9.95138427e-01 
 1.10728000e-05  1.18973285e-01 -9.93468707e-01 
 1.10828000e-05  1.07089539e-01 -9.91553863e-01 
 1.10928000e-05  9.51791154e-02 -9.89394368e-01 
 1.11028000e-05  8.32449529e-02 -9.86990755e-01 
 1.11128000e-05  7.12899972e-02 -9.84343617e-01 
 1.11228000e-05  5.93171989e-02 -9.81453606e-01 
 1.11328000e-05  4.73295130e-02 -9.78321437e-01 
 1.11428000e-05  3.53298983e-02 -9.74947882e-01 
 1.11528000e-05  2.33213164e-02 -9.71333772e-01 
 1.11628000e-05  1.13067311e-02 -9.67480001e-01 
 1.11728000e-05 -7.10892066e-04 -9.63387519e-01 
 1.11828000e-05 -1.27285872e-02 -9.59057335e-01 
 1.11928000e-05 -2.47433880e-02 -9.54490517e-01 
 1.12028000e-05 -3.67523293e-02 -9.49688194e-01 
 1.12128000e-05 -4.87524469e-02 -9.44651549e-01 
 1.12228000e-05 -6.07407794e-02 -9.39381826e-01 
 1.12328000e-05 -7.27143676e-02 -9.33880324e-01 
 1.12428000e-05 -8.46702567e-02 -9.28148402e-01 
 1.12528000e-05 -9.66054956e-02 -9.22187472e-01 
 1.12628000e-05 -1.08517139e-01 -9.15999007e-01 
 1.12728000e-05 -1.20402247e-01 -9.09584533e-01 
 1.12828000e-05 -1.32257885e-01 -9.02945632e-01 
 1.12928000e-05 -1.44081130e-01 -8.96083943e-01 
 1.13028000e-05 -1.55869061e-01 -8.89001158e-01 
 1.13128000e-05 -1.67618771e-01 -8.81699026e-01 
 1.13228000e-05 -1.79327359e-01 -8.74179348e-01 
 1.13328000e-05 -1.90991935e-01 -8.66443979e-01 
 1.13428000e-05 -2.02609622e-01 -8.58494828e-01 
 1.13528000e-05 -2.14177552e-01 -8.50333856e-01 
 1.13628000e-05 -2.25692871e-01 -8.41963077e-01 
 1.13728000e-05 -2.37152736e-01 -8.33384557e-01 
 1.13828000e-05 -2.48554319e-01 -8.24600411e-01 
 1.13928000e-05 -2.59894808e-01 -8.15612807e-01 
 1.14028000e-05 -2.71171403e-01 -8.06423963e-01 
 1.14128000e-05 -2.82381322e-01 -7.97036146e-01 
 1.14228000e-05 -2.93521799e-01 -7.87451673e-01 
 1.14328000e-05 -3.04590084e-01 -7.77672907e-01 
 1.14428000e-05 -3.15583447e-01 -7.67702262e-01 
 1.14528000e-05 -3.26499174e-01 -7.57542198e-01 
 1.14628000e-05 -3.37334573e-01 -7.47195222e-01 
 1.14728000e-05 -3.48086970e-01 -7.36663887e-01 
 1.14828000e-05 -3.58753712e-01 -7.25950791e-01 
 1.14928000e-05 -3.69332167e-01 -7.15058577e-01 
 1.15028000e-05 -3.79819725e-01 -7.03989934e-01 
 1.15128000e-05 -3.90213798e-01 -6.92747591e-01 
 1.15228000e-05 -4.00511823e-01 -6.81334324e-01 
 1.15328000e-05 -4.10711257e-01 -6.69752947e-01 
 1.15428000e-05 -4.20809585e-01 -6.58006319e-01 
 1.15528000e-05 -4.30804316e-01 -6.46097337e-01 
 1.15628000e-05 -4.40692984e-01 -6.34028941e-01 
 1.15728000e-05 -4.50473149e-01 -6.21804108e-01 
 1.15828000e-05 -4.60142399e-01 -6.09425853e-01 
 1.15928000e-05 -4.69698347e-01 -5.96897232e-01 
 1.16028000e-05 -4.79138638e-01 -5.84221336e-01 
 1.16128000e-05 -4.88460942e-01 -5.71401292e-01 
 1.16228000e-05 -4.97662959e-01 -5.58440263e-01 
 1.16328000e-05 -5.06742420e-01 -5.45341447e-01 
 1.16428000e-05 -5.15697085e-01 -5.32108076e-01 
 1.16528000e-05 -5.24524745e-01 -5.18743416e-01 
 1.16628000e-05 -5.33223222e-01 -5.05250763e-01 
 1.16728000e-05 -5.41790373e-01 -4.91633448e-01 
 1.16828000e-05 -5.50224082e-01 -4.77894829e-01 
 1.16928000e-05 -5.58522270e-01 -4.64038297e-01 
 1.17028000e-05 -5.66682891e-01 -4.50067270e-01 
 1.17128000e-05 -5.74703931e-01 -4.35985196e-01 
 1.17228000e-05 -5.82583413e-01 -4.21795549e-01 
 1.17328000e-05 -5.90319392e-01 -4.07501830e-01 
 1.17428000e-05 -5.97909962e-01 -3.93107567e-01 
 1.17528000e-05 -6.05353250e-01 -3.78616310e-01 
 1.17628000e-05 -6.12647421e-01 -3.64031635e-01 
 1.17728000e-05 -6.19790675e-01 -3.49357140e-01 
 1.17828000e-05 -6.26781252e-01 -3.34596447e-01 
 1.17928000e-05 -6.33617427e-01 -3.19753198e-01 
 1.18028000e-05 -6.40297514e-01 -3.04831054e-01 
 1.18128000e-05 -6.46819866e-01 -2.89833698e-01 
 1.18228000e-05 -6.53182875e-01 -2.74764829e-01 
 1.18328000e-05 -6.59384972e-01 -2.59628166e-01 
 1.18428000e-05 -6.65424627e-01 -2.44427444e-01 
 1.18528000e-05 -6.71300351e-01 -2.29166413e-01 
 1.18628000e-05 -6.77010696e-01 -2.13848839e-01 
 1.18728000e-05 -6.82554252e-01 -1.98478501e-01 
 1.18828000e-05 -6.87929654e-01 -1.83059191e-01 
 1.18928000e-05 -6.93135576e-01 -1.67594714e-01 
 1.19028000e-05 -6.98170734e-01 -1.52088886e-01 
 1.19128000e-05 -7.03033887e-01 -1.36545532e-01 
 1.19228000e-05 -7.07723836e-01 -1.20968487e-01 
 1.19328000e-05 -7.12239423e-01 -1.05361595e-01 
 1.19428000e-05 -7.16579537e-01 -8.97287070e-02 
 1.19528000e-05 -7.20743107e-01 -7.40736796e-02 
 1.19628000e-05 -7.24729106e-01 -5.84003755e-02 
 1.19728000e-05 -7.28536551e-01 -4.27126621e-02 
 1.19828000e-05 -7.32164504e-01 -2.70144100e-02 
 1.19928000e-05 -7.35612071e-01 -1.13094924e-02 
 1.20028000e-05 -7.38878400e-01  4.39821553e-03 
 1.20128000e-05 -7.41962688e-01  2.01048383e-02 
 1.20228000e-05 -7.44864173e-01  3.58065005e-02 
 1.20328000e-05 -7.47582139e-01  5.14993281e-02 
 1.20428000e-05 -7.50115918e-01  6.71794489e-02 
 1.20528000e-05 -7.52464885e-01  8.28429942e-02 
 1.20628000e-05 -7.54628459e-01  9.84860992e-02 
 1.20728000e-05 -7.56606107e-01  1.14104904e-01 
 1.20828000e-05 -7.58397343e-01  1.29695556e-01 
 1.20928000e-05 -7.60001724e-01  1.45254207e-01 
 1.21028000e-05 -7.61418854e-01  1.60777018e-01 
 1.21128000e-05 -7.62648385e-01  1.76260160e-01 
 1.21228000e-05 -7.63690012e-01  1.91699813e-01 
 1.21328000e-05 -7.64543480e-01  2.07092167e-01 
 1.21428000e-05 -7.65208577e-01  2.22433424e-01 
 1.21528000e-05 -7.65685139e-01  2.37719798e-01 
 1.21628000e-05 -7.65973050e-01  2.52947519e-01 
 1.21728000e-05 -7.66072237e-01  2.68112829e-01 
 1.21828000e-05 -7.65982676e-01  2.83211986e-01 
 1.21928000e-05 -7.65704389e-01  2.98241265e-01 
 1.22028000e-05 -7.65237445e-01  3.13196957e-01 
 1.22128000e-05 -7.64581959e-01  3.28075373e-01 
 1.22228000e-05 -7.63738091e-01  3.42872840e-01 
 1.22328000e-05 -7.62706050e-01  3.57585709e-01 
 1.22428000e-05 -7.61486091e-01  3.72210349e-01 
 1.22528000e-05 -7.60078513e-01  3.86743152e-01 
 1.22628000e-05 -7.58483664e-01  4.01180532e-01 
 1.22728000e-05 -7.56701937e-01  4.15518926e-01 
 1.22828000e-05 -7.54733770e-01  4.29754798e-01 
 1.22928000e-05 -7.52579649e-01  4.43884634e-01 
 1.23028000e-05 -7.50240105e-01  4.57904947e-01 
 1.23128000e-05 -7.47715714e-01  4.71812280e-01 
 1.23228000e-05 -7.45007099e-01  4.85603200e-01 
 1.23328000e-05 -7.42114927e-01  4.99274305e-01 
 1.23428000e-05 -7.39039911e-01  5.12822221e-01 
 1.23528000e-05 -7.35782809e-01  5.26243606e-01 
 1.23628000e-05 -7.32344424e-01  5.39535149e-01 
 1.23728000e-05 -7.28725604e-01  5.52693569e-01 
 1.23828000e-05 -7.24927240e-01  5.65715620e-01 
 1.23928000e-05 -7.20950269e-01  5.78598089e-01 
 1.24028000e-05 -7.16795671e-01  5.91337798e-01 
 1.24128000e-05 -7.12464471e-01  6.03931603e-01 
 1.24228000e-05 -7.07957737e-01  6.16376398e-01 
 1.24328000e-05 -7.03276579e-01  6.28669110e-01 
 1.24428000e-05 -6.98422151e-01  6.40806708e-01 
 1.24528000e-05 -6.93395651e-01  6.52786196e-01 
 1.24628000e-05 -6.88198318e-01  6.64604619e-01 
 1.24728000e-05 -6.82831432e-01  6.76259061e-01 
 1.24828000e-05 -6.77296318e-01  6.87746646e-01 
 1.24928000e-05 -6.71594340e-01  6.99064540e-01 
 1.25028000e-05 -6.65726904e-01  7.10209950e-01 
 1.25128000e-05 -6.59695457e-01  7.21180126e-01 
 1.25228000e-05 -6.53501487e-01  7.31972362e-01 
 1.25328000e-05 -6.47146519e-01  7.42583995e-01 
 1.25428000e-05 -6.40632122e-01  7.53012407e-01 
 1.25528000e-05 -6.33959903e-01  7.63255023e-01 
 1.25628000e-05 -6.27131505e-01  7.73309318e-01 
 1.25728000e-05 -6.20148614e-01  7.83172811e-01 
 1.25828000e-05 -6.13012951e-01  7.92843067e-01 
 1.25928000e-05 -6.05726277e-01  8.02317701e-01 
 1.26028000e-05 -5.98290388e-01  8.11594376e-01 
 1.26128000e-05 -5.90707118e-01  8.20670801e-01 
 1.26228000e-05 -5.82978337e-01  8.29544738e-01 
 1.26328000e-05 -5.75105952e-01  8.38213998e-01 
 1.26428000e-05 -5.67091904e-01  8.46676441e-01 
 1.26528000e-05 -5.58938171e-01  8.54929979e-01 
 1.26628000e-05 -5.50646762e-01  8.62972576e-01 
 1.26728000e-05 -5.42219724e-01  8.70802247e-01 
 1.26828000e-05 -5.33659135e-01  8.78417061e-01 
 1.26928000e-05 -5.24967106e-01  8.85815138e-01 
 1.27028000e-05 -5.16145783e-01  8.92994654e-01 
 1.27128000e-05 -5.07197340e-01  8.99953837e-01 
 1.27228000e-05 -4.98123985e-01  9.06690970e-01 
 1.27328000e-05 -4.88927957e-01  9.13204390e-01 
 1.27428000e-05 -4.79611524e-01  9.19492491e-01 
 1.27528000e-05 -4.70176985e-01  9.25553721e-01 
 1.27628000e-05 -4.60626667e-01  9.31386584e-01 
 1.27728000e-05 -4.50962926e-01  9.36989642e-01 
 1.27828000e-05 -4.41188147e-01  9.42361511e-01 
 1.27928000e-05 -4.31304740e-01  9.47500867e-01 
 1.28028000e-05 -4.21315146e-01  9.52406441e-01 
 1.28128000e-05 -4.11221827e-01  9.57077023e-01 
 1.28228000e-05 -4.01027276e-01  9.61511461e-01 
 1.28328000e-05 -3.90734006e-01  9.65708660e-01 
 1.28428000e-05 -3.80344558e-01  9.69667585e-01 
 1.28528000e-05 -3.69861495e-01  9.73387258e-01 
 1.28628000e-05 -3.59287405e-01  9.76866764e-01 
 1.28728000e-05 -3.48624896e-01  9.80105242e-01 
 1.28828000e-05 -3.37876599e-01  9.83101893e-01 
 1.28928000e-05 -3.27045167e-01  9.85855979e-01 
 1.29028000e-05 -3.16133272e-01  9.88366820e-01 
 1.29128000e-05 -3.05143607e-01  9.90633796e-01 
 1.29228000e-05 -2.94078884e-01  9.92656348e-01 
 1.29328000e-05 -2.82941833e-01  9.94433977e-01 
 1.29428000e-05 -2.71735204e-01  9.95966244e-01 
 1.29528000e-05 -2.60461761e-01  9.97252771e-01 
 1.29628000e-05 -2.49124287e-01  9.98293242e-01 
 1.29728000e-05 -2.37725579e-01  9.99087398e-01 
 1.29828000e-05 -2.26268451e-01  9.99635044e-01 
 1.29928000e-05 -2.14755730e-01  9.99936046e-01 
 1.30028000e-05 -2.03190257e-01  9.99990328e-01 
 1.30128000e-05 -1.91574887e-01  9.99797877e-01 
 1.30228000e-05 -1.79912486e-01  9.99358742e-01 
 1.30328000e-05 -1.68205934e-01  9.98673029e-01 
 1.30428000e-05 -1.56458118e-01  9.97740909e-01 
 1.30528000e-05 -1.44671938e-01  9.96562611e-01 
 1.30628000e-05 -1.32850303e-01  9.95138427e-01 
 1.30728000e-05 -1.20996132e-01  9.93468707e-01 
 1.30828000e-05 -1.09112348e-01  9.91553863e-01 
 1.30928000e-05 -9.72018866e-02  9.89394368e-01 
 1.31028000e-05 -8.52676861e-02  9.86990755e-01 
 1.31128000e-05 -7.33126923e-02  9.84343617e-01 
 1.31228000e-05 -6.13398557e-02  9.81453606e-01 
 1.31328000e-05 -4.93521315e-02  9.78321437e-01 
 1.31428000e-05 -3.73524783e-02  9.74947882e-01 
 1.31528000e-05 -2.53438578e-02  9.71333772e-01 
 1.31628000e-05 -1.33292338e-02  9.67480001e-01 
 1.31728000e-05 -1.31157174e-03  9.63387519e-01 
 1.31828000e-05  1.07061623e-02  9.59057335e-01 
 1.31928000e-05  2.27210023e-02  9.54490517e-01 
 1.32028000e-05  3.47299827e-02  9.49688194e-01 
 1.32128000e-05  4.67301397e-02  9.44651549e-01 
 1.32228000e-05  5.87185115e-02  9.39381826e-01 
 1.32328000e-05  7.06921394e-02  9.33880324e-01 
 1.32428000e-05  8.26480681e-02  9.28148402e-01 
 1.32528000e-05  9.45833468e-02  9.22187472e-01 
 1.32628000e-05  1.06495030e-01  9.15999007e-01 
 1.32728000e-05  1.18380178e-01  9.09584533e-01 
 1.32828000e-05  1.30235857e-01  9.02945632e-01 
 1.32928000e-05  1.42059141e-01  8.96083943e-01 
 1.33028000e-05  1.53847113e-01  8.89001158e-01 
 1.33128000e-05  1.65596863e-01  8.81699026e-01 
 1.33228000e-05  1.77305491e-01  8.74179348e-01 
 1.33328000e-05  1.88970109e-01  8.66443979e-01 
 1.33428000e-05  2.00587837e-01  8.58494828e-01 
 1.33528000e-05  2.12155808e-01  8.50333856e-01 
 1.33628000e-05  2.23671167e-01  8.41963077e-01 
 1.33728000e-05  2.35131073e-01  8.33384557e-01 
 1.33828000e-05  2.46532698e-01  8.24600411e-01 
 1.33928000e-05  2.57873228e-01  8.15612807e-01 
 1.34028000e-05  2.69149864e-01  8.06423963e-01 
 1.34128000e-05  2.80359824e-01  7.97036146e-01 
 1.34228000e-05  2.91500343e-01  7.87451673e-01 
 1.34328000e-05  3.02568669e-01  7.77672907e-01 
 1.34428000e-05  3.13562074e-01  7.67702262e-01 
 1.34528000e-05  3.24477843e-01  7.57542198e-01 
 1.34628000e-05  3.35313284e-01  7.47195222e-01 
 1.34728000e-05  3.46065723e-01  7.36663887e-01 
 1.34828000e-05  3.56732507e-01  7.25950791e-01 
 1.34928000e-05  3.67311004e-01  7.15058577e-01 
 1.35028000e-05  3.77798604e-01  7.03989934e-01 
 1.35128000e-05  3.88192720e-01  6.92747591e-01 
 1.35228000e-05  3.98490786e-01  6.81334324e-01 
 1.35328000e-05  4.08690263e-01  6.69752947e-01 
 1.35428000e-05  4.18788633e-01  6.58006319e-01 
 1.35528000e-05  4.28783407e-01  6.46097337e-01 
 1.35628000e-05  4.38672117e-01  6.34028941e-01 
 1.35728000e-05  4.48452324e-01  6.21804108e-01 
 1.35828000e-05  4.58121616e-01  6.09425853e-01 
 1.35928000e-05  4.67677608e-01  5.96897232e-01 
 1.36028000e-05  4.77117941e-01  5.84221336e-01 
 1.36128000e-05  4.86440287e-01  5.71401292e-01 
 1.36228000e-05  4.95642347e-01  5.58440263e-01 
 1.36328000e-05  5.04721850e-01  5.45341447e-01 
 1.36428000e-05  5.13676558e-01  5.32108076e-01 
 1.36528000e-05  5.22504260e-01  5.18743416e-01 
 1.36628000e-05  5.31202781e-01  5.05250763e-01 
 1.36728000e-05  5.39769974e-01  4.91633448e-01 
 1.36828000e-05  5.48203726e-01  4.77894829e-01 
 1.36928000e-05  5.56501956e-01  4.64038297e-01 
 1.37028000e-05  5.64662620e-01  4.50067270e-01 
 1.37128000e-05  5.72683703e-01  4.35985196e-01 
 1.37228000e-05  5.80563227e-01  4.21795549e-01 
 1.37328000e-05  5.88299249e-01  4.07501830e-01 
 1.37428000e-05  5.95889862e-01  3.93107567e-01 
 1.37528000e-05  6.03333192e-01  3.78616310e-01 
 1.37628000e-05  6.10627405e-01  3.64031635e-01 
 1.37728000e-05  6.17770702e-01  3.49357140e-01 
 1.37828000e-05  6.24761321e-01  3.34596447e-01 
 1.37928000e-05  6.31597538e-01  3.19753198e-01 
 1.38028000e-05  6.38277668e-01  3.04831054e-01 
 1.38128000e-05  6.44800062e-01  2.89833698e-01 
 1.38228000e-05  6.51163114e-01  2.74764829e-01 
 1.38328000e-05  6.57365253e-01  2.59628166e-01 
 1.38428000e-05  6.63404950e-01  2.44427444e-01 
 1.38528000e-05  6.69280716e-01  2.29166413e-01 
 1.38628000e-05  6.74991103e-01  2.13848839e-01 
 1.38728000e-05  6.80534701e-01  1.98478501e-01 
 1.38828000e-05  6.85910145e-01  1.83059191e-01 
 1.38928000e-05  6.91116109e-01  1.67594714e-01 
 1.39028000e-05  6.96151309e-01  1.52088886e-01 
 1.39128000e-05  7.01014503e-01  1.36545532e-01 
 1.39228000e-05  7.05704493e-01  1.20968487e-01 
 1.39328000e-05  7.10220123e-01  1.05361595e-01 
 1.39428000e-05  7.14560278e-01  8.97287070e-02 
 1.39528000e-05  7.18723889e-01  7.40736796e-02 
 1.39628000e-05  7.22709929e-01  5.84003755e-02 
 1.39728000e-05  7.26517416e-01  4.27126621e-02 
 1.39828000e-05  7.30145410e-01  2.70144100e-02 
 1.39928000e-05  7.33593017e-01  1.13094924e-02 
 1.40028000e-05  7.36859388e-01 -4.39821553e-03 
 1.40128000e-05  7.39943716e-01 -2.01048383e-02 
 1.40228000e-05  7.42845242e-01 -3.58065005e-02 
 1.40328000e-05  7.45563249e-01 -5.14993281e-02 
 1.40428000e-05  7.48097069e-01 -6.71794489e-02 
 1.40528000e-05  7.50446075e-01 -8.28429942e-02 
 1.40628000e-05  7.52609690e-01 -9.84860992e-02 
 1.40728000e-05  7.54587378e-01 -1.14104904e-01 
 1.40828000e-05  7.56378654e-01 -1.29695556e-01 
 1.40928000e-05  7.57983075e-01 -1.45254207e-01 
 1.41028000e-05  7.59400245e-01 -1.60777018e-01 
 1.41128000e-05  7.60629815e-01 -1.76260160e-01 
 1.41228000e-05  7.61671483e-01 -1.91699813e-01 
 1.41328000e-05  7.62524990e-01 -2.07092167e-01 
 1.41428000e-05  7.63190126e-01 -2.22433424e-01 
 1.41528000e-05  7.63666728e-01 -2.37719798e-01 
 1.41628000e-05  7.63954678e-01 -2.52947519e-01 
 1.41728000e-05  7.64053904e-01 -2.68112829e-01 
 1.41828000e-05  7.63964382e-01 -2.83211986e-01 
 1.41928000e-05  7.63686134e-01 -2.98241265e-01 
 1.42028000e-05  7.63219229e-01 -3.13196957e-01 
 1.42128000e-05  7.62563781e-01 -3.28075373e-01 
 1.42228000e-05  7.61719952e-01 -3.42872840e-01 
 1.42328000e-05  7.60687950e-01 -3.57585709e-01 
 1.42428000e-05  7.59468029e-01 -3.72210349e-01 
 1.42528000e-05  7.58060490e-01 -3.86743152e-01 
 1.42628000e-05  7.56465679e-01 -4.01180532e-01 
 1.42728000e-05  7.54683989e-01 -4.15518926e-01 
 1.42828000e-05  7.52715860e-01 -4.29754798e-01 
 1.42928000e-05  7.50561777e-01 -4.43884634e-01 
 1.43028000e-05  7.48222271e-01 -4.57904947e-01 
 1.43128000e-05  7.45697918e-01 -4.71812280e-01 
 1.43228000e-05  7.42989340e-01 -4.85603200e-01 
 1.43328000e-05  7.40097206e-01 -4.99274305e-01 
 1.43428000e-05  7.37022227e-01 -5.12822221e-01 
 1.43528000e-05  7.33765163e-01 -5.26243606e-01 
 1.43628000e-05  7.30326815e-01 -5.39535149e-01 
 1.43728000e-05  7.26708031e-01 -5.52693569e-01 
 1.43828000e-05  7.22909705e-01 -5.65715620e-01 
 1.43928000e-05  7.18932771e-01 -5.78598089e-01 
 1.44028000e-05  7.14778210e-01 -5.91337798e-01 
 1.44128000e-05  7.10447047e-01 -6.03931603e-01 
 1.44228000e-05  7.05940349e-01 -6.16376398e-01 
 1.44328000e-05  7.01259228e-01 -6.28669110e-01 
 1.44428000e-05  6.96404837e-01 -6.40806708e-01 
 1.44528000e-05  6.91378373e-01 -6.52786196e-01 
 1.44628000e-05  6.86181076e-01 -6.64604619e-01 
 1.44728000e-05  6.80814227e-01 -6.76259061e-01 
 1.44828000e-05  6.75279149e-01 -6.87746646e-01 
 1.44928000e-05  6.69577208e-01 -6.99064540e-01 
 1.45028000e-05  6.63709808e-01 -7.10209950e-01 
 1.45128000e-05  6.57678397e-01 -7.21180126e-01 
 1.45228000e-05  6.51484463e-01 -7.31972362e-01 
 1.45328000e-05  6.45129531e-01 -7.42583995e-01 
 1.45428000e-05  6.38615171e-01 -7.53012407e-01 
 1.45528000e-05  6.31942987e-01 -7.63255023e-01 
 1.45628000e-05  6.25114625e-01 -7.73309318e-01 
 1.45728000e-05  6.18131770e-01 -7.83172811e-01 
 1.45828000e-05  6.10996143e-01 -7.92843067e-01 
 1.45928000e-05  6.03709505e-01 -8.02317701e-01 
 1.46028000e-05  5.96273651e-01 -8.11594376e-01 
 1.46128000e-05  5.88690417e-01 -8.20670801e-01 
 1.46228000e-05  5.80961672e-01 -8.29544738e-01 
 1.46328000e-05  5.73089323e-01 -8.38213998e-01 
 1.46428000e-05  5.65075311e-01 -8.46676441e-01 
 1.46528000e-05  5.56921613e-01 -8.54929979e-01 
 1.46628000e-05  5.48630241e-01 -8.62972576e-01 
 1.46728000e-05  5.40203238e-01 -8.70802247e-01 
 1.46828000e-05  5.31642685e-01 -8.78417061e-01 
 1.46928000e-05  5.22950692e-01 -8.85815138e-01 
 1.47028000e-05  5.14129404e-01 -8.92994654e-01 
 1.47128000e-05  5.05180997e-01 -8.99953837e-01 
 1.47228000e-05  4.96107679e-01 -9.06690970e-01 
 1.47328000e-05  4.86911686e-01 -9.13204390e-01 
 1.47428000e-05  4.77595290e-01 -9.19492491e-01 
 1.47528000e-05  4.68160786e-01 -9.25553721e-01 
 1.47628000e-05  4.58610504e-01 -9.31386584e-01 
 1.47728000e-05  4.48946799e-01 -9.36989642e-01 
 1.47828000e-05  4.39172056e-01 -9.42361511e-01 
 1.47928000e-05  4.29288686e-01 -9.47500867e-01 
 1.48028000e-05  4.19299127e-01 -9.52406441e-01 
 1.48128000e-05  4.09205845e-01 -9.57077023e-01 
 1.48228000e-05  3.99011330e-01 -9.61511461e-01 
 1.48328000e-05  3.88718096e-01 -9.65708660e-01 
 1.48428000e-05  3.78328685e-01 -9.69667585e-01 
 1.48528000e-05  3.67845659e-01 -9.73387258e-01 
 1.48628000e-05  3.57271605e-01 -9.76866764e-01 
 1.48728000e-05  3.46609132e-01 -9.80105242e-01 
 1.48828000e-05  3.35860872e-01 -9.83101893e-01 
 1.48928000e-05  3.25029476e-01 -9.85855979e-01 
 1.49028000e-05  3.14117618e-01 -9.88366820e-01 
 1.49128000e-05  3.03127990e-01 -9.90633796e-01 
 1.49228000e-05  2.92063304e-01 -9.92656348e-01 
 1.49328000e-05  2.80926291e-01 -9.94433977e-01 
 1.49428000e-05  2.69719699e-01 -9.95966244e-01 
 1.49528000e-05  2.58446293e-01 -9.97252771e-01 
 1.49628000e-05  2.47108856e-01 -9.98293242e-01 
 1.49728000e-05  2.35710186e-01 -9.99087398e-01 
 1.49828000e-05  2.24253095e-01 -9.99635044e-01 
 1.49928000e-05  2.12740411e-01 -9.99936046e-01 
 1.50028000e-05  2.01174976e-01 -9.99990328e-01 
 1.50128000e-05  1.89559644e-01 -9.99797877e-01 
 1.50228000e-05  1.77897282e-01 -9.99358742e-01 
 1.50328000e-05  1.66190767e-01 -9.98673029e-01 
 1.50428000e-05  1.54442989e-01 -9.97740909e-01 
 1.50528000e-05  1.42656847e-01 -9.96562611e-01 
 1.50628000e-05  1.30835251e-01 -9.95138427e-01 
 1.50728000e-05  1.18981118e-01 -9.93468707e-01 
 1.50828000e-05  1.07097373e-01 -9.91553863e-01 
 1.50928000e-05  9.51869499e-02 -9.89394368e-01 
 1.51028000e-05  8.32527882e-02 -9.86990755e-01 
 1.51128000e-05  7.12978332e-02 -9.84343617e-01 
 1.51228000e-05  5.93250356e-02 -9.81453606e-01 
 1.51328000e-05  4.73373504e-02 -9.78321437e-01 
 1.51428000e-05  3.53377364e-02 -9.74947882e-01 
 1.51528000e-05  2.33291552e-02 -9.71333772e-01 
 1.51628000e-05  1.13145706e-02 -9.67480001e-01 
 1.51728000e-05 -7.03051904e-04 -9.63387519e-01 
 1.51828000e-05 -1.27207463e-02 -9.59057335e-01 
 1.51928000e-05 -2.47355465e-02 -9.54490517e-01 
 1.52028000e-05 -3.67444871e-02 -9.49688194e-01 
 1.52128000e-05 -4.87446042e-02 -9.44651549e-01 
 1.52228000e-05 -6.07329359e-02 -9.39381826e-01 
 1.52328000e-05 -7.27065236e-02 -9.33880324e-01 
 1.52428000e-05 -8.46624120e-02 -9.28148402e-01 
 1.52528000e-05 -9.65976504e-02 -9.22187472e-01 
 1.52628000e-05 -1.08509293e-01 -9.15999007e-01 
 1.52728000e-05 -1.20394400e-01 -9.09584533e-01 
 1.52828000e-05 -1.32250038e-01 -9.02945632e-01 
 1.52928000e-05 -1.44073282e-01 -8.96083943e-01 
 1.53028000e-05 -1.55861213e-01 -8.89001158e-01 
 1.53128000e-05 -1.67610922e-01 -8.81699026e-01 
 1.53228000e-05 -1.79319509e-01 -8.74179348e-01 
 1.53328000e-05 -1.90984086e-01 -8.66443979e-01 
 1.53428000e-05 -2.02601772e-01 -8.58494828e-01 
 1.53528000e-05 -2.14169702e-01 -8.50333856e-01 
 1.53628000e-05 -2.25685019e-01 -8.41963077e-01 
 1.53728000e-05 -2.37144884e-01 -8.33384557e-01 
 1.53828000e-05 -2.48546467e-01 -8.24600411e-01 
 1.53928000e-05 -2.59886955e-01 -8.15612807e-01 
 1.54028000e-05 -2.71163550e-01 -8.06423963e-01 
 1.54128000e-05 -2.82373468e-01 -7.97036146e-01 
 1.54228000e-05 -2.93513945e-01 -7.87451673e-01 
 1.54328000e-05 -3.04582229e-01 -7.77672907e-01 
 1.54428000e-05 -3.15575592e-01 -7.67702262e-01 
 1.54528000e-05 -3.26491319e-01 -7.57542198e-01 
 1.54628000e-05 -3.37326718e-01 -7.47195222e-01 
 1.54728000e-05 -3.48079115e-01 -7.36663887e-01 
 1.54828000e-05 -3.58745856e-01 -7.25950791e-01 
 1.54928000e-05 -3.69324311e-01 -7.15058577e-01 
 1.55028000e-05 -3.79811868e-01 -7.03989934e-01 
 1.55128000e-05 -3.90205941e-01 -6.92747591e-01 
 1.55228000e-05 -4.00503965e-01 -6.81334324e-01 
 1.55328000e-05 -4.10703399e-01 -6.69752947e-01 
 1.55428000e-05 -4.20801727e-01 -6.58006319e-01 
 1.55528000e-05 -4.30796458e-01 -6.46097337e-01 
 1.55628000e-05 -4.40685125e-01 -6.34028941e-01 
 1.55728000e-05 -4.50465290e-01 -6.21804108e-01 
 1.55828000e-05 -4.60134539e-01 -6.09425853e-01 
 1.55928000e-05 -4.69690488e-01 -5.96897232e-01 
 1.56028000e-05 -4.79130778e-01 -5.84221336e-01 
 1.56128000e-05 -4.88453082e-01 -5.71401292e-01 
 1.56228000e-05 -4.97655099e-01 -5.58440263e-01 
 1.56328000e-05 -5.06734559e-01 -5.45341447e-01 
 1.56428000e-05 -5.15689224e-01 -5.32108076e-01 
 1.56528000e-05 -5.24516884e-01 -5.18743416e-01 
 1.56628000e-05 -5.33215362e-01 -5.05250763e-01 
 1.56728000e-05 -5.41782512e-01 -4.91633448e-01 
 1.56828000e-05 -5.50216221e-01 -4.77894829e-01 
 1.56928000e-05 -5.58514409e-01 -4.64038297e-01 
 1.57028000e-05 -5.66675029e-01 -4.50067270e-01 
 1.57128000e-05 -5.74696070e-01 -4.35985196e-01 
 1.57228000e-05 -5.82575551e-01 -4.21795549e-01 
 1.57328000e-05 -5.90311531e-01 -4.07501830e-01 
 1.57428000e-05 -5.97902100e-01 -3.93107567e-01 
 1.57528000e-05 -6.05345388e-01 -3.78616310e-01 
 1.57628000e-05 -6.12639559e-01 -3.64031635e-01 
 1.57728000e-05 -6.19782813e-01 -3.49357140e-01 
 1.57828000e-05 -6.26773390e-01 -3.34596447e-01 
 1.57928000e-05 -6.33609564e-01 -3.19753198e-01 
 1.58028000e-05 -6.40289651e-01 -3.04831054e-01 
 1.58128000e-05 -6.46812004e-01 -2.89833698e-01 
 1.58228000e-05 -6.53175013e-01 -2.74764829e-01 
 1.58328000e-05 -6.59377110e-01 -2.59628166e-01 
 1.58428000e-05 -6.65416765e-01 -2.44427444e-01 
 1.58528000e-05 -6.71292489e-01 -2.29166413e-01 
 1.58628000e-05 -6.77002833e-01 -2.13848839e-01 
 1.58728000e-05 -6.82546390e-01 -1.98478501e-01 
 1.58828000e-05 -6.87921792e-01 -1.83059191e-01 
 1.58928000e-05 -6.93127714e-01 -1.67594714e-01 
 1.59028000e-05 -6.98162872e-01 -1.52088886e-01 
 1.59128000e-05 -7.03026025e-01 -1.36545532e-01 
 1.59228000e-05 -7.07715973e-01 -1.20968487e-01 
 1.59328000e-05 -7.12231561e-01 -1.05361595e-01 
 1.59428000e-05 -7.16571675e-01 -8.97287070e-02 
 1.59528000e-05 -7.20735245e-01 -7.40736796e-02 
 1.59628000e-05 -7.24721244e-01 -5.84003755e-02 
 1.59728000e-05 -7.28528689e-01 -4.27126621e-02 
 1.59828000e-05 -7.32156642e-01 -2.70144100e-02 
 1.59928000e-05 -7.35604209e-01 -1.13094924e-02 
 1.60028000e-05 -7.38870538e-01  4.39821553e-03 
 1.60128000e-05 -7.41954826e-01  2.01048383e-02 
 1.60228000e-05 -7.44856311e-01  3.58065005e-02 
 1.60328000e-05 -7.47574278e-01  5.14993281e-02 
 1.60428000e-05 -7.50108057e-01  6.71794489e-02 
 1.60528000e-05 -7.52457023e-01  8.28429942e-02 
 1.60628000e-05 -7.54620597e-01  9.84860992e-02 
 1.60728000e-05 -7.56598246e-01  1.14104904e-01 
 1.60828000e-05 -7.58389482e-01  1.29695556e-01 
 1.60928000e-05 -7.59993863e-01  1.45254207e-01 
 1.61028000e-05 -7.61410993e-01  1.60777018e-01 
 1.61128000e-05 -7.62640524e-01  1.76260160e-01 
 1.61228000e-05 -7.63682152e-01  1.91699813e-01 
 1.61328000e-05 -7.64535619e-01  2.07092167e-01 
 1.61428000e-05 -7.65200717e-01  2.22433424e-01 
 1.61528000e-05 -7.65677279e-01  2.37719798e-01 
 1.61628000e-05 -7.65965190e-01  2.52947519e-01 
 1.61728000e-05 -7.66064377e-01  2.68112829e-01 
 1.61828000e-05 -7.65974816e-01  2.83211986e-01 
 1.61928000e-05 -7.65696530e-01  2.98241265e-01 
 1.62028000e-05 -7.65229586e-01  3.13196957e-01 
 1.62128000e-05 -7.64574099e-01  3.28075373e-01 
 1.62228000e-05 -7.63730232e-01  3.42872840e-01 
 1.62328000e-05 -7.62698191e-01  3.57585709e-01 
 1.62428000e-05 -7.61478232e-01  3.72210349e-01 
 1.62528000e-05 -7.60070655e-01  3.86743152e-01 
 1.62628000e-05 -7.58475806e-01  4.01180532e-01 
 1.62728000e-05 -7.56694078e-01  4.15518926e-01 
 1.62828000e-05 -7.54725912e-01  4.29754798e-01 
 1.62928000e-05 -7.52571791e-01  4.43884634e-01 
 1.63028000e-05 -7.50232247e-01  4.57904947e-01 
 1.63128000e-05 -7.47707856e-01  4.71812280e-01 
 1.63228000e-05 -7.44999241e-01  4.85603200e-01 
 1.63328000e-05 -7.42107070e-01  4.99274305e-01 
 1.63428000e-05 -7.39032054e-01  5.12822221e-01 
 1.63528000e-05 -7.35774952e-01  5.26243606e-01 
 1.63628000e-05 -7.32336567e-01  5.39535149e-01 
 1.63728000e-05 -7.28717747e-01  5.52693569e-01 
 1.63828000e-05 -7.24919383e-01  5.65715620e-01 
 1.63928000e-05 -7.20942413e-01  5.78598089e-01 
 1.64028000e-05 -7.16787815e-01  5.91337798e-01 
 1.64128000e-05 -7.12456616e-01  6.03931603e-01 
 1.64228000e-05 -7.07949881e-01  6.16376398e-01 
 1.64328000e-05 -7.03268723e-01  6.28669110e-01 
 1.64428000e-05 -6.98414296e-01  6.40806708e-01 
 1.64528000e-05 -6.93387796e-01  6.52786196e-01 
 1.64628000e-05 -6.88190463e-01  6.64604619e-01 
 1.64728000e-05 -6.82823577e-01  6.76259061e-01 
 1.64828000e-05 -6.77288464e-01  6.87746646e-01 
 1.64928000e-05 -6.71586486e-01  6.99064540e-01 
 1.65028000e-05 -6.65719050e-01  7.10209950e-01 
 1.65128000e-05 -6.59687604e-01  7.21180126e-01 
 1.65228000e-05 -6.53493633e-01  7.31972362e-01 
 1.65328000e-05 -6.47138666e-01  7.42583995e-01 
 1.65428000e-05 -6.40624269e-01  7.53012407e-01 
 1.65528000e-05 -6.33952050e-01  7.63255023e-01 
 1.65628000e-05 -6.27123652e-01  7.73309318e-01 
 1.65728000e-05 -6.20140761e-01  7.83172811e-01 
 1.65828000e-05 -6.13005099e-01  7.92843067e-01 
 1.65928000e-05 -6.05718425e-01  8.02317701e-01 
 1.66028000e-05 -5.98282535e-01  8.11594376e-01 
 1.66128000e-05 -5.90699266e-01  8.20670801e-01 
 1.66228000e-05 -5.82970485e-01  8.29544738e-01 
 1.66328000e-05 -5.75098100e-01  8.38213998e-01 
 1.66428000e-05 -5.67084053e-01  8.46676441e-01 
 1.66528000e-05 -5.58930319e-01  8.54929979e-01 
 1.66628000e-05 -5.50638911e-01  8.62972576e-01 
 1.66728000e-05 -5.42211873e-01  8.70802247e-01 
 1.66828000e-05 -5.33651284e-01  8.78417061e-01 
 1.66928000e-05 -5.24959256e-01  8.85815138e-01 
 1.67028000e-05 -5.16137932e-01  8.92994654e-01 
 1.67128000e-05 -5.07189490e-01  8.99953837e-01 
 1.67228000e-05 -4.98116135e-01  9.06690970e-01 
 1.67328000e-05 -4.88920107e-01  9.13204390e-01 
 1.67428000e-05 -4.79603675e-01  9.19492491e-01 
 1.67528000e-05 -4.70169136e-01  9.25553721e-01 
 1.67628000e-05 -4.60618818e-01  9.31386584e-01 
 1.67728000e-05 -4.50955077e-01  9.36989642e-01 
 1.67828000e-05 -4.41180298e-01  9.42361511e-01 
 1.67928000e-05 -4.31296892e-01  9.47500867e-01 
 1.68028000e-05 -4.21307297e-01  9.52406441e-01 
 1.68128000e-05 -4.11213979e-01  9.57077023e-01 
 1.68228000e-05 -4.01019428e-01  9.61511461e-01 
 1.68328000e-05 -3.90726158e-01  9.65708660e-01 
 1.68428000e-05 -3.80336710e-01  9.69667585e-01 
 1.68528000e-05 -3.69853648e-01  9.73387258e-01 
 1.68628000e-05 -3.59279558e-01  9.76866764e-01 
 1.68728000e-05 -3.48617049e-01  9.80105242e-01 
 1.68828000e-05 -3.37868752e-01  9.83101893e-01 
 1.68928000e-05 -3.27037320e-01  9.85855979e-01 
 1.69028000e-05 -3.16125425e-01  9.88366820e-01 
 1.69128000e-05 -3.05135760e-01  9.90633796e-01 
 1.69228000e-05 -2.94071038e-01  9.92656348e-01 
 1.69328000e-05 -2.82933988e-01  9.94433977e-01 
 1.69428000e-05 -2.71727358e-01  9.95966244e-01 
 1.69528000e-05 -2.60453916e-01  9.97252771e-01 
 1.69628000e-05 -2.49116441e-01  9.98293242e-01 
 1.69728000e-05 -2.37717734e-01  9.99087398e-01 
 1.69828000e-05 -2.26260606e-01  9.99635044e-01 
 1.69928000e-05 -2.14747885e-01  9.99936046e-01 
 1.70028000e-05 -2.03182412e-01  9.99990328e-01 
 1.70128000e-05 -1.91567043e-01  9.99797877e-01 
 1.70228000e-05 -1.79904642e-01  9.99358742e-01 
 1.70328000e-05 -1.68198090e-01  9.98673029e-01 
 1.70428000e-05 -1.56450274e-01  9.97740909e-01 
 1.70528000e-05 -1.44664094e-01  9.96562611e-01 
 1.70628000e-05 -1.32842460e-01  9.95138427e-01 
 1.70728000e-05 -1.20988288e-01  9.93468707e-01 
 1.70828000e-05 -1.09104505e-01  9.91553863e-01 
 1.70928000e-05 -9.71940438e-02  9.89394368e-01 
 1.71028000e-05 -8.52598434e-02  9.86990755e-01 
 1.71128000e-05 -7.33048498e-02  9.84343617e-01 
 1.71228000e-05 -6.13320134e-02  9.81453606e-01 
 1.71328000e-05 -4.93442894e-02  9.78321437e-01 
 1.71428000e-05 -3.73446363e-02  9.74947882e-01 
 1.71528000e-05 -2.53360160e-02  9.71333772e-01 
 1.71628000e-05 -1.33213922e-02  9.67480001e-01 
 1.71728000e-05 -1.30373033e-03  9.63387519e-01 
 1.71828000e-05  1.07140035e-02  9.59057335e-01 
 1.71928000e-05  2.27288433e-02  9.54490517e-01 
 1.72028000e-05  3.47378236e-02  9.49688194e-01 
 1.72128000e-05  4.67379804e-02  9.44651549e-01 
 1.72228000e-05  5.87263520e-02  9.39381826e-01 
 1.72328000e-05  7.06999797e-02  9.33880324e-01 
 1.72428000e-05  8.26559082e-02  9.28148402e-01 
 1.72528000e-05  9.45911868e-02  9.22187472e-01 
 1.72628000e-05  1.06502870e-01  9.15999007e-01 
 1.72728000e-05  1.18388017e-01  9.09584533e-01 
 1.72828000e-05  1.30243696e-01  9.02945632e-01 
 1.72928000e-05  1.42066980e-01  8.96083943e-01 
 1.73028000e-05  1.53854952e-01  8.89001158e-01 
 1.73128000e-05  1.65604702e-01  8.81699026e-01 
 1.73228000e-05  1.77313330e-01  8.74179348e-01 
 1.73328000e-05  1.88977947e-01  8.66443979e-01 
 1.73428000e-05  2.00595675e-01  8.58494828e-01 
 1.73528000e-05  2.12163646e-01  8.50333856e-01 
 1.73628000e-05  2.23679005e-01  8.41963077e-01 
 1.73728000e-05  2.35138911e-01  8.33384557e-01 
 1.73828000e-05  2.46540535e-01  8.24600411e-01 
 1.73928000e-05  2.57881065e-01  8.15612807e-01 
 1.74028000e-05  2.69157701e-01  8.06423963e-01 
 1.74128000e-05  2.80367661e-01  7.97036146e-01 
 1.74228000e-05  2.91508179e-01  7.87451673e-01 
 1.74328000e-05  3.02576506e-01  7.77672907e-01 
 1.74428000e-05  3.13569910e-01  7.67702262e-01 
 1.74528000e-05  3.24485680e-01  7.57542198e-01 
 1.74628000e-05  3.35321121e-01  7.47195222e-01 
 1.74728000e-05  3.46073559e-01  7.36663887e-01 
 1.74828000e-05  3.56740343e-01  7.25950791e-01 
 1.74928000e-05  3.67318840e-01  7.15058577e-01 
 1.75028000e-05  3.77806440e-01  7.03989934e-01 
 1.75128000e-05  3.88200555e-01  6.92747591e-01 
 1.75228000e-05  3.98498621e-01  6.81334324e-01 
 1.75328000e-05  4.08698098e-01  6.69752947e-01 
 1.75428000e-05  4.18796468e-01  6.58006319e-01 
 1.75528000e-05  4.28791241e-01  6.46097337e-01 
 1.75628000e-05  4.38679951e-01  6.34028941e-01 
 1.75728000e-05  4.48460159e-01  6.21804108e-01 
 1.75828000e-05  4.58129450e-01  6.09425853e-01 
 1.75928000e-05  4.67685441e-01  5.96897232e-01 
 1.76028000e-05  4.77125774e-01  5.84221336e-01 
 1.76128000e-05  4.86448120e-01  5.71401292e-01 
 1.76228000e-05  4.95650180e-01  5.58440263e-01 
 1.76328000e-05  5.04729683e-01  5.45341447e-01 
 1.76428000e-05  5.13684391e-01  5.32108076e-01 
 1.76528000e-05  5.22512093e-01  5.18743416e-01 
 1.76628000e-05  5.31210614e-01  5.05250763e-01 
 1.76728000e-05  5.39777806e-01  4.91633448e-01 
 1.76828000e-05  5.48211558e-01  4.77894829e-01 
 1.76928000e-05  5.56509789e-01  4.64038297e-01 
 1.77028000e-05  5.64670452e-01  4.50067270e-01 
 1.77128000e-05  5.72691534e-01  4.35985196e-01 
 1.77228000e-05  5.80571059e-01  4.21795549e-01 
 1.77328000e-05  5.88307081e-01  4.07501830e-01 
 1.77428000e-05  5.95897693e-01  3.93107567e-01 
 1.77528000e-05  6.03341023e-01  3.78616310e-01 
 1.77628000e-05  6.10635236e-01  3.64031635e-01 
 1.77728000e-05  6.17778533e-01  3.49357140e-01 
 1.77828000e-05  6.24769152e-01  3.34596447e-01 
 1.77928000e-05  6.31605369e-01  3.19753198e-01 
 1.78028000e-05  6.38285498e-01  3.04831054e-01 
 1.78128000e-05  6.44807892e-01  2.89833698e-01 
 1.78228000e-05  6.51170944e-01  2.74764829e-01 
 1.78328000e-05  6.57373082e-01  2.59628166e-01 
 1.78428000e-05  6.63412780e-01  2.44427444e-01 
 1.78528000e-05  6.69288546e-01  2.29166413e-01 
 1.78628000e-05  6.74998932e-01  2.13848839e-01 
 1.78728000e-05  6.80542530e-01  1.98478501e-01 
 1.78828000e-05  6.85917974e-01  1.83059191e-01 
 1.78928000e-05  6.91123938e-01  1.67594714e-01 
 1.79028000e-05  6.96159137e-01  1.52088886e-01 
 1.79128000e-05  7.01022332e-01  1.36545532e-01 
 1.79228000e-05  7.05712322e-01  1.20968487e-01 
 1.79328000e-05  7.10227951e-01  1.05361595e-01 
 1.79428000e-05  7.14568106e-01  8.97287070e-02 
 1.79528000e-05  7.18731717e-01  7.40736796e-02 
 1.79628000e-05  7.22717757e-01  5.84003755e-02 
 1.79728000e-05  7.26525243e-01  4.27126621e-02 
 1.79828000e-05  7.30153237e-01  2.70144100e-02 
 1.79928000e-05  7.33600844e-01  1.13094924e-02 
 1.80028000e-05  7.36867215e-01 -4.39821554e-03 
 1.80128000e-05  7.39951543e-01 -2.01048383e-02 
 1.80228000e-05  7.42853068e-01 -3.58065005e-02 
 1.80328000e-05  7.45571076e-01 -5.14993281e-02 
 1.80428000e-05  7.48104895e-01 -6.71794489e-02 
 1.80528000e-05  7.50453901e-01 -8.28429942e-02 
 1.80628000e-05  7.52617516e-01 -9.84860992e-02 
 1.80728000e-05  7.54595204e-01 -1.14104904e-01 
 1.80828000e-05  7.56386480e-01 -1.29695556e-01 
 1.80928000e-05  7.57990901e-01 -1.45254207e-01 
 1.81028000e-05  7.59408071e-01 -1.60777018e-01 
 1.81128000e-05  7.60637641e-01 -1.76260160e-01 
 1.81228000e-05  7.61679308e-01 -1.91699813e-01 
 1.81328000e-05  7.62532815e-01 -2.07092167e-01 
 1.81428000e-05  7.63197951e-01 -2.22433424e-01 
 1.81528000e-05  7.63674553e-01 -2.37719798e-01 
 1.81628000e-05  7.63962502e-01 -2.52947519e-01 
 1.81728000e-05  7.64061728e-01 -2.68112829e-01 
 1.81828000e-05  7.63972207e-01 -2.83211986e-01 
 1.81928000e-05  7.63693959e-01 -2.98241265e-01 
 1.82028000e-05  7.63227053e-01 -3.13196957e-01 
 1.82128000e-05  7.62571605e-01 -3.28075373e-01 
 1.82228000e-05  7.61727776e-01 -3.42872840e-01 
 1.82328000e-05  7.60695774e-01 -3.57585709e-01 
 1.82428000e-05  7.59475852e-01 -3.72210349e-01 
 1.82528000e-05  7.58068313e-01 -3.86743152e-01 
 1.82628000e-05  7.56473502e-01 -4.01180532e-01 
 1.82728000e-05  7.54691812e-01 -4.15518926e-01 
 1.82828000e-05  7.52723683e-01 -4.29754798e-01 
 1.82928000e-05  7.50569600e-01 -4.43884634e-01 
 1.83028000e-05  7.48230094e-01 -4.57904947e-01 
 1.83128000e-05  7.45705740e-01 -4.71812280e-01 
 1.83228000e-05  7.42997163e-01 -4.85603200e-01 
 1.83328000e-05  7.40105028e-01 -4.99274305e-01 
 1.83428000e-05  7.37030049e-01 -5.12822221e-01 
 1.83528000e-05  7.33772984e-01 -5.26243606e-01 
 1.83628000e-05  7.30334637e-01 -5.39535149e-01 
 1.83728000e-05  7.26715853e-01 -5.52693569e-01 
 1.83828000e-05  7.22917526e-01 -5.65715620e-01 
 1.83928000e-05  7.18940592e-01 -5.78598089e-01 
 1.84028000e-05  7.14786031e-01 -5.91337798e-01 
 1.84128000e-05  7.10454868e-01 -6.03931603e-01 
 1.84228000e-05  7.05948170e-01 -6.16376398e-01 
 1.84328000e-05  7.01267049e-01 -6.28669110e-01 
 1.84428000e-05  6.96412657e-01 -6.40806708e-01 
 1.84528000e-05  6.91386194e-01 -6.52786196e-01 
 1.84628000e-05  6.86188896e-01 -6.64604619e-01 
 1.84728000e-05  6.80822047e-01 -6.76259061e-01 
 1.84828000e-05  6.75286969e-01 -6.87746646e-01 
 1.84928000e-05  6.69585028e-01 -6.99064540e-01 
 1.85028000e-05  6.63717628e-01 -7.10209950e-01 
 1.85128000e-05  6.57686217e-01 -7.21180126e-01 
 1.85228000e-05  6.51492282e-01 -7.31972362e-01 
 1.85328000e-05  6.45137351e-01 -7.42583995e-01 
 1.85428000e-05  6.38622990e-01 -7.53012407e-01 
 1.85528000e-05  6.31950806e-01 -7.63255023e-01 
 1.85628000e-05  6.25122444e-01 -7.73309318e-01 
 1.85728000e-05  6.18139589e-01 -7.83172811e-01 
 1.85828000e-05  6.11003962e-01 -7.92843067e-01 
 1.85928000e-05  6.03717323e-01 -8.02317701e-01 
 1.86028000e-05  5.96281470e-01 -8.11594376e-01 
 1.86128000e-05  5.88698235e-01 -8.20670801e-01 
 1.86228000e-05  5.80969490e-01 -8.29544738e-01 
 1.86328000e-05  5.73097141e-01 -8.38213998e-01 
 1.86428000e-05  5.65083129e-01 -8.46676441e-01 
 1.86528000e-05  5.56929431e-01 -8.54929979e-01 
 1.86628000e-05  5.48638058e-01 -8.62972576e-01 
 1.86728000e-05  5.40211056e-01 -8.70802247e-01 
 1.86828000e-05  5.31650502e-01 -8.78417061e-01 
 1.86928000e-05  5.22958509e-01 -8.85815138e-01 
 1.87028000e-05  5.14137221e-01 -8.92994654e-01 
 1.87128000e-05  5.05188814e-01 -8.99953837e-01 
 1.87228000e-05  4.96115495e-01 -9.06690970e-01 
 1.87328000e-05  4.86919503e-01 -9.13204390e-01 
 1.87428000e-05  4.77603106e-01 -9.19492491e-01 
 1.87528000e-05  4.68168603e-01 -9.25553721e-01 
 1.87628000e-05  4.58618320e-01 -9.31386584e-01 
 1.87728000e-05  4.48954615e-01 -9.36989642e-01 
 1.87828000e-05  4.39179872e-01 -9.42361511e-01 
 1.87928000e-05  4.29296502e-01 -9.47500867e-01 
 1.88028000e-05  4.19306943e-01 -9.52406441e-01 
 1.88128000e-05  4.09213661e-01 -9.57077023e-01 
 1.88228000e-05  3.99019145e-01 -9.61511461e-01 
 1.88328000e-05  3.88725912e-01 -9.65708660e-01 
 1.88428000e-05  3.78336500e-01 -9.69667585e-01 
 1.88528000e-05  3.67853474e-01 -9.73387258e-01 
 1.88628000e-05  3.57279420e-01 -9.76866764e-01 
 1.88728000e-05  3.46616947e-01 -9.80105242e-01 
 1.88828000e-05  3.35868687e-01 -9.83101893e-01 
 1.88928000e-05  3.25037291e-01 -9.85855979e-01 
 1.89028000e-05  3.14125432e-01 -9.88366820e-01 
 1.89128000e-05  3.03135804e-01 -9.90633796e-01 
 1.89228000e-05  2.92071118e-01 -9.92656348e-01 
 1.89328000e-05  2.80934105e-01 -9.94433977e-01 
 1.89428000e-05  2.69727512e-01 -9.95966244e-01 
 1.89528000e-05  2.58454107e-01 -9.97252771e-01 
 1.89628000e-05  2.47116669e-01 -9.98293242e-01 
 1.89728000e-05  2.35717999e-01 -9.99087398e-01 
 1.89828000e-05  2.24260908e-01 -9.99635044e-01 
 1.89928000e-05  2.12748224e-01 -9.99936046e-01 
 1.90028000e-05  2.01182789e-01 -9.99990328e-01 
 1.90128000e-05  1.89567457e-01 -9.99797877e-01 
 1.90228000e-05  1.77905094e-01 -9.99358742e-01 
 1.90328000e-05  1.66198579e-01 -9.98673029e-01 
 1.90428000e-05  1.54450801e-01 -9.97740909e-01 
 1.90528000e-05  1.42664659e-01 -9.96562611e-01 
 1.90628000e-05  1.30843063e-01 -9.95138427e-01 
 1.90728000e-05  1.18988930e-01 -9.93468707e-01 
 1.90828000e-05  1.07105185e-01 -9.91553863e-01 
 1.90928000e-05  9.51947615e-02 -9.89394368e-01 
 1.91028000e-05  8.32605996e-02 -9.86990755e-01 
 1.91128000e-05  7.13056445e-02 -9.84343617e-01 
 1.91228000e-05  5.93328467e-02 -9.81453606e-01 
 1.91328000e-05  4.73451614e-02 -9.78321437e-01 
 1.91428000e-05  3.53455472e-02 -9.74947882e-01 
 1.91528000e-05  2.33369658e-02 -9.71333772e-01 
 1.91628000e-05  1.13223811e-02 -9.67480001e-01 
 1.91728000e-05 -6.95241551e-04 -9.63387519e-01 
 1.91828000e-05 -1.27129361e-02 -9.59057335e-01 
 1.91928000e-05 -2.47277365e-02 -9.54490517e-01 
 1.92028000e-05 -3.67366772e-02 -9.49688194e-01 
 1.92128000e-05 -4.87367944e-02 -9.44651549e-01 
 1.92228000e-05 -6.07251263e-02 -9.39381826e-01 
 1.92328000e-05 -7.26987142e-02 -9.33880324e-01 
 1.92428000e-05 -8.46546027e-02 -9.28148402e-01 
 1.92528000e-05 -9.65898412e-02 -9.22187472e-01 
 1.92628000e-05 -1.08501484e-01 -9.15999007e-01 
 1.92728000e-05 -1.20386591e-01 -9.09584533e-01 
 1.92828000e-05 -1.32242230e-01 -9.02945632e-01 
 1.92928000e-05 -1.44065474e-01 -8.96083943e-01 
 1.93028000e-05 -1.55853405e-01 -8.89001158e-01 
 1.93128000e-05 -1.67603114e-01 -8.81699026e-01 
 1.93228000e-05 -1.79311701e-01 -8.74179348e-01 
 1.93328000e-05 -1.90976278e-01 -8.66443979e-01 
 1.93428000e-05 -2.02593964e-01 -8.58494828e-01 
 1.93528000e-05 -2.14161894e-01 -8.50333856e-01 
 1.93628000e-05 -2.25677212e-01 -8.41963077e-01 
 1.93728000e-05 -2.37137077e-01 -8.33384557e-01 
 1.93828000e-05 -2.48538660e-01 -8.24600411e-01 
 1.93928000e-05 -2.59879148e-01 -8.15612807e-01 
 1.94028000e-05 -2.71155743e-01 -8.06423963e-01 
 1.94128000e-05 -2.82365662e-01 -7.97036146e-01 
 1.94228000e-05 -2.93506138e-01 -7.87451673e-01 
 1.94328000e-05 -3.04574423e-01 -7.77672907e-01 
 1.94428000e-05 -3.15567786e-01 -7.67702262e-01 
 1.94528000e-05 -3.26483513e-01 -7.57542198e-01 
 1.94628000e-05 -3.37318912e-01 -7.47195222e-01 
 1.94728000e-05 -3.48071309e-01 -7.36663887e-01 
 1.94828000e-05 -3.58738051e-01 -7.25950791e-01 
 1.94928000e-05 -3.69316505e-01 -7.15058577e-01 
 1.95028000e-05 -3.79804063e-01 -7.03989934e-01 
 1.95128000e-05 -3.90198136e-01 -6.92747591e-01 
 1.95228000e-05 -4.00496160e-01 -6.81334324e-01 
 1.95328000e-05 -4.10695595e-01 -6.69752947e-01 
 1.95428000e-05 -4.20793923e-01 -6.58006319e-01 
 1.95528000e-05 -4.30788654e-01 -6.46097337e-01 
 1.95628000e-05 -4.40677321e-01 -6.34028941e-01 
 1.95728000e-05 -4.50457486e-01 -6.21804108e-01 
 1.95828000e-05 -4.60126736e-01 -6.09425853e-01 
 1.95928000e-05 -4.69682684e-01 -5.96897232e-01 
 1.96028000e-05 -4.79122975e-01 -5.84221336e-01 
 1.96128000e-05 -4.88445279e-01 -5.71401292e-01 
 1.96228000e-05 -4.97647296e-01 -5.58440263e-01 
 1.96328000e-05 -5.06726757e-01 -5.45341447e-01 
 1.96428000e-05 -5.15681421e-01 -5.32108076e-01 
 1.96528000e-05 -5.24509081e-01 -5.18743416e-01 
 1.96628000e-05 -5.33207559e-01 -5.05250763e-01 
 1.96728000e-05 -5.41774709e-01 -4.91633448e-01 
 1.96828000e-05 -5.50208419e-01 -4.77894829e-01 
 1.96928000e-05 -5.58506607e-01 -4.64038297e-01 
 1.97028000e-05 -5.66667228e-01 -4.50067270e-01 
 1.97128000e-05 -5.74688268e-01 -4.35985196e-01 
 1.97228000e-05 -5.82567750e-01 -4.21795549e-01 
 1.97328000e-05 -5.90303729e-01 -4.07501830e-01 
 1.97428000e-05 -5.97894299e-01 -3.93107567e-01 
 1.97528000e-05 -6.05337587e-01 -3.78616310e-01 
 1.97628000e-05 -6.12631758e-01 -3.64031635e-01 
 1.97728000e-05 -6.19775013e-01 -3.49357140e-01 
 1.97828000e-05 -6.26765589e-01 -3.34596447e-01 
 1.97928000e-05 -6.33601764e-01 -3.19753198e-01 
 1.98028000e-05 -6.40281851e-01 -3.04831054e-01 
 1.98128000e-05 -6.46804204e-01 -2.89833698e-01 
 1.98228000e-05 -6.53167213e-01 -2.74764829e-01 
 1.98328000e-05 -6.59369310e-01 -2.59628166e-01 
 1.98428000e-05 -6.65408965e-01 -2.44427444e-01 
 1.98528000e-05 -6.71284690e-01 -2.29166413e-01 
 1.98628000e-05 -6.76995034e-01 -2.13848839e-01 
 1.98728000e-05 -6.82538591e-01 -1.98478501e-01 
 1.98828000e-05 -6.87913993e-01 -1.83059191e-01 
 1.98928000e-05 -6.93119915e-01 -1.67594714e-01 
 1.99028000e-05 -6.98155073e-01 -1.52088886e-01 
 1.99128000e-05 -7.03018227e-01 -1.36545532e-01 
 1.99228000e-05 -7.07708175e-01 -1.20968487e-01 
 1.99328000e-05 -7.12223763e-01 -1.05361595e-01 
 1.99428000e-05 -7.16563877e-01 -8.97287070e-02 
 1.99528000e-05 -7.20727447e-01 -7.40736796e-02 
 1.99628000e-05 -7.24713446e-01 -5.84003755e-02 
 1.99728000e-05 -7.28520892e-01 -4.27126621e-02 
 1.99828000e-05 -7.32148845e-01 -2.70144100e-02 
 1.99928000e-05 -7.35596412e-01 -1.13094924e-02 
 2.00000000e-05 -7.37966508e-01 -1.22464680e-15 
